0,0.01395228352,-0.001747509323,0,-0.5886,0,0.0005
1,-0.009442643673,0.006483824172,0,-0.5886,0,0.0005
2,-0.001022839596,0.002053140895,0,-0.5886,0,0.0005
3,-0.003126184961,-0.02800040073,0.1303516272,-0.2726253794,2.707920575,0.0005
4,0.008524796189,-0.02447592316,0,-0.5886,0,0.0005
5,0.001080361422,-0.01856359725,0,-0.5886,0,0.0005
6,-0.01142801973,-0.02882887806,-0.1790853811,0.03644358984,2.920502969,0.0005
7,0.002352755559,-0.028752796,-0.3077877003,0.2123226613,2.176349252,0.0005
8,-0.007883039559,-0.02943072595,0.08135030264,0.01057600281,3.086885108,0.0005
9,0.009539423126,-0.02567127637,0,-0.5886,0,0.0005
10,0.001219619279,-0.01092405249,0,-0.5886,0,0.0005
11,-0.01151729907,-0.02519622473,0.1054951898,0.04466760877,1.400527209,0.0005
12,-0.00382883922,-0.02525302289,0.08508863663,-0.04811539228,-0.1095331096,0.0005
13,-0.01043527579,0.009973855722,0,-0.5886,0,0.0005
14,0.01281689452,-0.006359122197,0,-0.5886,0,0.0005
15,-0.009573888892,-0.02007893732,0,-0.5886,0,0.0005
16,0.005078668126,-0.02632159338,0,-0.5886,0,0.0005
17,0.003534264253,-0.02831098966,0.02491970088,0.1639844628,-1.038527015,0.0005
18,-0.006658620639,0.009557246345,0,-0.5886,0,0.0005
19,-0.007311493139,-0.02844240734,-0.03395606721,0.03036657814,-0.8887566282,0.0005
20,0.01206372244,-0.01848373423,0,-0.5886,0,0.0005
21,0.000259002885,-0.01490399092,0,-0.5886,0,0.0005
22,-0.001578640435,-0.006738623524,0,-0.5886,0,0.0005
23,-0.009591312253,0.002488027875,0,-0.5886,0,0.0005
24,0.002287731304,0.009573467241,0,-0.5886,0,0.0005
25,0.005037881782,-0.02840049504,0.1209033313,0.1156224905,-3.105045963,0.0005
26,0.0007512250087,-0.0006968000526,0,-0.5886,0,0.0005
27,-0.01071265495,0.01141118235,0,-0.5886,0,0.0005
28,-0.004961032441,0.003304445065,0,-0.5886,0,0.0005
29,-0.001478421154,-0.02424898354,-0.01601667114,0.127009665,3.094416198,0.0005
30,0.001260476873,-0.02835944363,-0.1410665069,0.06604221107,-1.978178121,0.0005
31,0.009533602166,-0.01443594742,0,-0.5886,0,0.0005
32,0.007526676888,0.0004520656484,0,-0.5886,0,0.0005
33,0.006530841256,-0.02948165988,0.1014463866,-0.2145166591,-0.8609993615,0.0005
34,0.009988254914,0.004504253721,0,-0.5886,0,0.0005
35,0.00749496611,-0.0255794402,0,-0.5886,0,0.0005
36,-0.004536694379,-0.02932852568,-0.03493158076,0.2645336606,5.735140548,0.0005
37,-0.01300969122,-0.003486310289,0,-0.5886,0,0.0005
38,-0.007618538175,-0.002957648729,0,-0.5886,0,0.0005
39,0.007192348246,-0.00838052251,0,-0.5886,0,0.0005
40,-0.002165087661,-0.02005749479,0,-0.5886,0,0.0005
41,-0.004343530454,-0.02762282785,0.1265489271,-0.08760788754,4.610342609,0.0005
42,0.01397976351,-0.01208315444,0,-0.5886,0,0.0005
43,0.004381475929,-0.0144043178,0,-0.5886,0,0.0005
44,-0.0114415059,-0.01873903358,0,-0.5886,0,0.0005
45,-0.009245341314,-0.02916402846,-0.1504176945,-0.1152199437,-2.001970291,0.0005
46,-0.01291331366,-0.001604922269,0,-0.5886,0,0.0005
47,0.01206559955,-0.007125452151,0,-0.5886,0,0.0005
48,0.002233488083,-0.01508757368,0,-0.5886,0,0.0005
49,-0.01343231849,-0.02666100082,-0.08986541575,0.06317649503,3.219129825,0.0005
50,-0.01418304363,-0.02177999882,0,-0.5886,0,0.0005
51,-0.006494118547,-0.006520571128,0,-0.5886,0,0.0005
52,-0.007170288107,-0.001529590678,0,-0.5886,0,0.0005
53,-0.01224605205,0.01129517892,0,-0.5886,0,0.0005
54,-0.004234646877,-0.02636684651,-0.2849784881,-0.4844887482,-6.078681673,0.0005
55,0.005741540365,0.0003947493882,0,-0.5886,0,0.0005
56,0.01107878302,-0.02855233225,0.3992935749,0.07995364948,1.594308505,0.0005
57,-0.007145807898,-0.02658205156,0.1576054967,0.04262200579,-6.152470023,0.0005
58,0.003099922339,-0.00799412221,0,-0.5886,0,0.0005
59,0.007492308024,0.005653757,0,-0.5886,0,0.0005
60,0.001098994334,-0.002536621465,0,-0.5886,0,0.0005
61,0.002691114825,-0.0005864400311,0,-0.5886,0,0.0005
62,-0.006497290801,0.002080341486,0,-0.5886,0,0.0005
63,-0.0009696268513,-0.01936888532,0,-0.5886,0,0.0005
64,-0.005972013744,-0.02380057362,0.1491909351,0.05249297575,0.3686966375,0.0005
65,-0.004426653944,-0.003584998186,0,-0.5886,0,0.0005
66,-0.01397861559,-0.01271760903,0,-0.5886,0,0.0005
67,0.01291608342,-0.02166711112,0,-0.5886,0,0.0005
68,-0.01148388867,-0.02721882446,-0.07286182215,0.06189283608,-5.565068841,0.0005
69,-0.005688312278,-0.02899068115,0.2268441399,0.02302172153,3.459142268,0.0005
70,0.008491978336,-0.007417917887,0,-0.5886,0,0.0005
71,-0.01130055845,-0.004826326552,0,-0.5886,0,0.0005
72,0.004148968905,-0.008343483051,0,-0.5886,0,0.0005
73,0.009686001271,0.003405865487,0,-0.5886,0,0.0005
74,-0.00661846935,0.006565394846,0,-0.5886,0,0.0005
75,-0.004697686886,-0.008662122341,0,-0.5886,0,0.0005
76,0.01378479383,-0.02939832181,0,0.5251388764,0,0.0005
77,-0.007364039258,-0.02117579944,0,-0.5886,0,0.0005
78,0.005660584196,-0.002466463508,0,-0.5886,0,0.0005
79,0.00909353376,-0.02916051417,-0.02087525496,-0.2986143863,-1.110243817,0.0005
80,-0.01047660118,-0.02951587108,0.0002330669818,0.01986253201,-4.511669762,0.0005
81,0.007382934425,-0.007179241247,0,-0.5886,0,0.0005
82,-0.01273129698,-0.02094707221,0,-0.5886,0,0.0005
83,0.004613771421,-0.001033197809,0,-0.5886,0,0.0005
84,0.006455135556,-0.01687983893,0,-0.5886,0,0.0005
85,-0.0004294111322,0.0003858697776,0,-0.5886,0,0.0005
86,0.008261832619,-0.02644287522,-0.1952573299,0.3101078209,0.6993692339,0.0005
87,-0.002391436372,0.0009679066333,0,-0.5886,0,0.0005
88,-0.0004724287992,-0.02767904359,-0.07656433863,0.2069939838,1.535757686,0.0005
89,0.0014753243,-0.0141697676,0,-0.5886,0,0.0005
90,0.008472067009,-0.01879256857,0,-0.5886,0,0.0005
91,-0.01389222248,-0.02923362514,0.1161520715,-0.09098633441,-2.153524441,0.0005
92,0.006916677137,-0.02813178749,0.3044972847,0.03374731326,-0.934035455,0.0005
93,-0.01368420557,-0.02816870811,-0.004103192231,-0.05903691317,-0.9172947492,0.0005
94,-0.01233069948,-0.02780084988,0.05621873847,-0.07935766535,0.4972454619,0.0005
95,-0.008550327916,-0.01071459724,0,-0.5886,0,0.0005
96,-0.001697169969,-0.02536583195,0.08088070719,0.2833085973,-0.6699383288,0.0005
97,0.005462941907,-0.02942448099,0.1120681665,0.06225595838,0.06369565267,0.0005
98,-0.001198803391,-0.02701188887,0.1825675474,-0.2056979326,-1.753271851,0.0005
99,0.01145540996,0.001043061864,0,-0.5886,0,0.0005
