0,0.01242446964,-0.02930813392,0.08907615934,0.08106283034,0.8491064231,0.0004896285199
1,0.0144430218,-0.02627890505,0.01643502425,0.09907062892,-0.8828301664,0.0005122818571
2,-0.01144125671,-0.02236403455,-0.2851211492,-0.4392421752,2.34145416,0.0006613818599
3,0.009460406916,-0.02448320391,-0.3163612761,-0.1422411908,3.458802053,0.0005529695268
4,0.003822752617,-0.02577838509,0.1022220943,-0.3681975219,-1.027880741,0.0006557376444
5,0.01228554426,-0.02843823385,0.03912303162,0.2724960076,-10.04226759,0.0003812102343
6,0.008393603902,-0.02945472601,0.0108023628,-0.1222325474,-2.198105115,0.0004466786265
7,0.01428358453,-0.02512310593,0.2727490884,-0.1122245563,0.5296858919,0.0003930580654
8,-0.005172502862,-0.02598174907,-0.009736009083,-0.3195740069,-2.207166083,0.0005621936221
9,0.003165232063,-0.02420520064,-0.1537601552,-0.02474444701,0.5574404878,0.0005554407998
10,0.0006699676268,-0.02905833397,-0.3677611241,-0.1947796404,-1.65624434,0.0004311394351
11,0.01161019489,-0.02648463576,-0.1019574811,0.2079344901,1.430553762,0.0005465138425
12,-0.01396003512,-0.0270487086,0.03886575469,-0.03671403863,4.938915226,0.0004840383056
13,0.007585249439,-0.02569270378,0.1009982682,0.2004698183,-9.729754912,0.0004588686784
14,-0.01063225731,-0.02909751884,-0.06376412585,0.245638548,-0.2764990828,0.0003392868218
15,-0.005932306075,-0.0226961617,0.3217987304,0.05780884435,-6.229789801,0.0004659542036
16,0.007052455648,-0.02934291604,0.1461220209,-0.09882466777,-4.159730003,0.0005710810561
17,-0.01288202423,-0.02783632055,-0.1367827934,0.03163475246,5.521296074,0.0005225651648
18,-0.003028613807,-0.02328850888,-0.05886783743,-0.1479479346,-1.24639732,0.0006230247637
19,-0.001173076837,-0.02693755015,-0.313051695,0.1062809173,-0.04557167834,0.0006309839907
20,-0.01009339877,-0.02425500496,-0.0009333728522,0.2200280217,1.363260592,0.0005440759443
21,0.004848851611,-0.02771844689,0.1857273935,-0.009839178642,0.4524396742,0.0005414493795
22,0.008891703951,-0.02841054474,0.1226276087,0.002760555009,-3.053531221,0.0006326654082
23,0.007241258918,-0.02392542725,-0.04855927049,0.1268460468,13.69170977,0.0005897768316
24,-0.004472781251,-0.02953682666,-0.02213472563,0.2251795843,11.47961075,0.0004193223699
25,-0.007962876067,-0.0251308551,0.08261210412,0.05194007631,5.306249766,0.0003933429674
26,-0.01426047181,-0.02307618351,0,-0.981,0,0.0004882615857
27,0.001472346117,-0.02803372615,0.2242338055,-0.1410172964,3.49072694,0.0004543904832
28,-0.001521567358,-0.02805174768,-0.4964821039,-0.4427828458,-1.79621111,0.0005388586583
29,0.003393999892,-0.02822317299,-0.1432754349,-0.1955825318,5.69058254,0.0003997872801
30,-0.007428256209,-0.02429384883,-0.5203874888,-0.4376947468,-8.769816241,0.0003994841393
31,0.009358782274,-0.0294681668,-0.0680532687,-0.03058363468,2.635476453,0.000498191461
32,-0.009499931348,-0.02509348391,0.05885103766,-0.3260184481,-2.454737436,0.0004834825779
33,0.009322616549,-0.02184079211,-0.1445910155,-0.8215284072,0.5536145949,0.0005693517761
34,0.01041900125,-0.02780079738,0.1660996394,-0.01604858114,-0.5354497352,0.0005731723334
35,0.01341125821,-0.02357730474,0.08222256043,-0.1360348601,-1.523052729,0.00035172299
36,0.01241855037,-0.02435157288,-0.128414079,0.1406957308,1.748896078,0.0004790380545
37,0.01235931769,-0.02758073721,0.01891371741,0.366009785,-1.999988104,0.000359527037
38,0.01069922807,-0.02290464814,0.1426863301,-1.338443205,3.103039737,0.0003894741448
39,-0.003774300083,-0.0285771533,0.2472925118,0.1044836286,3.583170423,0.0005885866971
40,0.007572638143,-0.02822869703,0.1840916396,0.07630669558,7.722326579,0.0006344330786
41,-0.0006290325334,-0.02937228655,-0.3065723893,0.0397048369,-1.396200728,0.0005013257915
42,-0.01151698063,-0.02899172664,-0.03785087687,0.06500854559,0.4527761164,0.0004441024424
43,0.0025013609,-0.02803030744,-0.6908332211,-0.3847522273,-6.931860123,0.000346346206
44,0.00616018918,-0.02964804184,0.4853326952,-0.4181489102,10.49847812,0.0003553741876
45,0.01041495386,-0.02581176372,-0.1031965963,-0.04989194517,0.6825460404,0.0005762615631
46,-0.002406592484,-0.026143996,-0.2648986935,0.0146658903,-6.44256885,0.000635619546
47,0.01246225973,-0.02525425281,0.003230971759,0.02061177458,-5.635785086,0.0003914962861
48,0.01119021896,-0.02867847691,0.05024398925,-0.002206085063,7.428542107,0.0006051643184
49,-0.009919771629,-0.02959912254,-0.02198641477,-0.1181889092,14.95788326,0.0003638521019
50,-0.0007110707194,-0.02468856075,0.1913054682,-0.07262819227,3.926430795,0.0006025195761
51,0.01336330686,-0.0286721727,0.007036653502,-0.05552751904,-6.391261749,0.0006534345561
52,-0.006289322385,-0.02944929555,-0.3446100214,-0.01392099983,-3.28335688,0.0005179394929
53,0.01109026266,-0.02070452338,0.1845572171,-0.3978930229,-0.3869744461,0.000495307239
54,-0.007142126645,-0.0286631682,-0.03832236558,0.002556794853,-4.379865353,0.000619717291
55,0.0002311798182,-0.02657009185,-0.2002495981,-0.3291156424,-1.538468337,0.0005884123668
56,0.01047491711,-0.02946148459,-0.1025032778,-0.03295106991,2.127624348,0.0004215861959
57,-0.003253540976,-0.02728407445,-0.01803563536,0.1358282803,-0.185760682,0.0006342565276
58,0.002173029264,-0.02611721396,0.2968006524,0.1932352492,3.439590673,0.0005025427974
59,0.006167394555,-0.02836299916,-0.1874399681,0.06830985975,-18.79030891,0.0004541485661
60,0.006043967856,-0.0242891715,0,-0.981,0,0.0004350318227
61,0.003264704789,-0.02715308937,-0.09404140733,-0.1979189288,0.2776830335,0.0006105101912
62,0.01149545758,-0.02767838782,-0.09783347505,-0.005618728108,-6.522097217,0.0004190033567
63,-0.01090078206,-0.02807555084,-0.1133034669,-0.07664989645,3.87404255,0.0006199224221
64,0.005231664316,-0.02929796347,0.252038062,-0.1134242198,1.360479721,0.0006294511871
65,0.004095372185,-0.02873556542,0.2276251155,-0.1818460292,-6.559144935,0.0004723674961
66,-0.01108491627,-0.02112813371,0,-0.981,0,0.000553723259
67,0.0144121877,-0.02940716968,-0.04497253514,-0.04270134407,-0.8789711255,0.000579805764
68,-0.005481348238,-0.02063081924,-0.1392135563,-0.02822232828,19.51183243,0.0004454552579
69,-0.00243707424,-0.02809730661,0.0007895866566,0.3945438511,1.757343775,0.000354753092
70,-0.002783754867,-0.02918309035,-0.001190927617,-0.07355172617,-1.972792185,0.0005448597132
71,0.006764429802,-0.02718367864,0.08428348809,0.01346494237,-2.066713617,0.0006207526665
72,0.002966120704,-0.02305341724,0.2903143881,0.3776836811,-13.79389032,0.0003773578991
73,0.005341128704,-0.02549468718,-0.3799147389,0.1207060099,2.332598584,0.0005393413398
74,0.0007638786936,-0.02562736985,0.1288248058,-0.3909410763,0.7076256818,0.0004740877308
75,-0.01411285631,-0.02911290298,0.01665959427,-0.1411174472,1.320641089,0.0006453493048
76,-0.001245542088,-0.02266179402,-0.02446986664,0.1965611979,11.70804925,0.0004618855686
77,-0.004698776195,-0.0244740408,-0.4049897616,-0.1643398335,1.012052117,0.0004683985637
78,0.003484917128,-0.02947907765,-0.01218430744,0.255923822,-4.223334012,0.0004905653636
79,-0.00970200576,-0.02866964301,0.1316343958,-0.02209057059,3.163842859,0.0005821258001
80,0.002209149931,-0.02711860997,-0.1142423611,-0.1979330413,-0.345873435,0.0004353186792
81,-0.009016559463,-0.02673475356,-0.3341995205,0.2348237398,-8.038023321,0.0003893003497
82,-0.01194747353,-0.02653833917,-0.005635388596,0.02861875478,-4.523902183,0.0006542344379
83,-0.001707036337,-0.0295489027,0.471884163,-0.3023855232,0.8911364238,0.0004417641048
84,-0.005309155719,-0.02906194557,-0.2090673923,-0.3660886986,0.3303430306,0.0004128167615
85,-0.01261489582,-0.02934501285,-0.1004597271,0.01259090889,2.731629529,0.0005901348345
86,0.00885553433,-0.02628300306,0.04223173648,0.2314045358,-1.719147668,0.0006237260452
87,-0.004887197324,-0.02796252838,0.04261375828,0.1739660585,-1.074682004,0.0005995399383
88,-0.009630368064,-0.02753647399,0.1041772212,-0.03834762025,4.475915383,0.0005231643897
89,-0.00839430578,-0.02903562836,-0.233902813,0.02781511414,-0.1049086046,0.0006605483829
90,0.0005095238584,-0.02766808167,-0.1433112033,-0.2441035884,0.3294162625,0.0005252438848
91,0.008007101265,-0.02695457483,0.07045306474,-0.004168950786,8.693669871,0.0004426305868
92,-0.01185923955,-0.02519246111,0.1300630448,0.1846818577,-1.303812831,0.0004666350983
93,0.01430473593,-0.0278347728,0.01816602074,0.05140021624,-0.03062321834,0.0005443550974
94,-0.01281682209,-0.02579858906,-0.02997568463,0.3005329844,-21.88714062,0.0003666025357
95,0.01328846316,-0.02662837541,0.1766751735,0.02068734406,1.343143196,0.0006090890268
96,0.005737573758,-0.02701655433,-0.01804490191,-0.1449736034,4.862495476,0.0003757293025
97,-0.0004457239217,-0.02803154373,-0.1593830414,-0.2697364524,0.2715094524,0.0005102192621
98,0.002383972088,-0.02922085065,-0.2158213244,-0.4400617906,1.910211174,0.0006354846938
99,-0.009148902054,-0.02349033096,0,-0.981,0,0.0005101690446
