0,0.01216265719,-0.02712954155,-0.0004613912122,-0.0001804413298,13.9481629,0.0005
1,-0.005990268274,-0.02776821463,0.0001130936439,-0.0002483460922,7.019834365,0.0005
2,0.001682538126,-0.02777794119,0.003379347406,0.00322333711,0.2302058655,0.0005
3,-0.003406084585,-0.02868900179,-0.0006079428659,0.0002374491255,5.300017894,0.0005
4,0.0107815391,-0.02950016603,-0.0005789045599,-0.0001423631659,-2.872363802,0.0005
5,-0.001734612745,-0.02950051513,-0.001531034519,0.002437226873,-1.739591759,0.0005
6,-0.01000175952,-0.02950017293,5.694561469e-05,-9.404738672e-06,3.275623943,0.0005
7,0.001688810133,-0.0295002078,-0.0003776050194,0.0008184327801,6.051281915,0.0005
8,-0.003990532566,-0.02950026729,0.0001153287262,0.0007540056982,1.075328696,0.0005
9,0.01265953538,-0.02902165459,-0.0001334997298,-9.090088937e-05,-12.83570775,0.0005
10,0.003218748545,-0.02864530125,-5.303555217e-05,-0.0001155141544,-10.62291954,0.0005
11,-0.008996032059,-0.02777163197,-0.0002760790036,-9.615112448e-07,5.02579281,0.0005
12,-0.001576946936,-0.02794562719,0.002228774182,-0.006124727497,-11.57944714,0.0005
13,-0.01450008358,-0.02827937729,4.772288867e-05,7.607507203e-05,12.45608725,0.0005
14,0.01450002024,-0.0282301301,-0.0008477257739,6.296037239e-06,-1.139881297,0.0005
15,-0.001076148231,-0.02707961908,0.0006202891109,0.001586757842,-18.49832338,0.0005
16,0.005759204121,-0.02950021673,-0.0007593475351,-6.976941602e-05,-3.314415618,0.0005
17,0.002699499226,-0.02950003096,-6.528284204e-05,0.0007917926931,-10.83175264,0.0005
18,-0.002162325534,-0.02713494545,-9.369586856e-05,-0.001474029141,-6.078313845,0.0005
19,-0.004490557341,-0.02863439093,0.0007615180415,0.001357098515,14.52307005,0.0005
20,0.01450004534,-0.02923008442,-0.0005370973813,-0.000592444056,-2.09954517,0.0005
21,-0.0003356162543,-0.02950002418,0.001725766876,0.0007537725731,-7.97372177,0.0005
22,0.003718010737,-0.02777899556,0.0008767718402,-0.002945825678,1.918591909,0.0005
23,-0.007995265613,-0.0277710662,0.0002047280887,-8.366495444e-05,4.332729562,0.0005
24,0.004748191713,-0.02777468262,-0.001038793157,-0.000331592536,0.4528721501,0.0005
25,0.007780345459,-0.02950015472,-0.0001623185137,-0.0004517201455,-1.822237218,0.0005
26,0.005248489811,-0.02864051727,-0.0006801626586,-0.0001349618465,3.958460239,0.0005
27,0.002235665055,-0.02690348757,0.001152433064,0.0004620247432,-26.55091357,0.0005
28,-0.003934952176,-0.02780310976,0.004335847673,-0.00370478952,7.345840117,0.0005
29,0.0001662851399,-0.02863337125,0.00399898854,-0.0004188402848,9.867186117,0.0005
30,-0.00282048365,-0.02949992945,0.0001311294448,-0.002957665892,-4.20094773,0.0005
31,0.01326805666,-0.02667417973,0.001568269434,0.002524335556,-16.0215971,0.0005
32,0.007774683667,-0.02777177323,-0.0006712372994,-0.000582744101,-0.4917710788,0.0005
33,0.008280441831,-0.0286343305,-0.0003781602079,-0.0004130672161,7.121756174,0.0005
34,0.01301927993,-0.02764532348,-0.0009392528055,0.0006232803837,-24.79071004,0.0005
35,0.01215939372,-0.02815579778,-0.000238366054,0.0001806690529,17.68671634,0.0005
36,-0.002276917013,-0.02865969679,-0.00461926746,0.002626066387,5.745991195,0.0005
37,-0.01250168958,-0.02863417945,0.0001173770077,1.510188356e-05,0.2019041914,0.0005
38,-0.008946688117,-0.02677291848,0.01707099237,-0.000789311291,-13.66375349,0.0005
39,0.009281118399,-0.02863453671,-0.0005363273881,-0.0002121979242,-1.162184347,0.0005
40,0.002194021441,-0.02863729598,0.0005532737467,0.001340861119,8.234095146,0.0005
41,-0.001035459977,-0.02878584184,0.0023096908,-0.003827337147,14.53086988,0.0005
42,0.01398194936,-0.02737483591,-0.0003011729071,0.0002651245631,40.98981633,0.0005
43,0.006264001889,-0.02863712089,-0.0003106808414,-0.0004429014315,0.3315401697,0.0005
44,-0.009501028076,-0.02863467855,1.575661905e-07,-3.866887697e-05,1.21353593,0.0005
45,-0.005990464063,-0.02950020825,-4.584667098e-05,0.0002787610779,6.648319255,0.0005
46,-0.01000090329,-0.02776861784,-0.0002138508166,-4.541633797e-05,1.407626136,0.0005
47,0.002713931416,-0.02778209225,-0.000398595757,-0.0003311180411,37.38774939,0.0005
48,0.006769495552,-0.02777437677,-5.596765045e-05,0.0003403240699,-3.590122788,0.0005
49,-0.01050170487,-0.02863414646,1.013654942e-05,8.795056201e-06,0.9252915414,0.0005
50,-0.01200164575,-0.02950012368,2.429298055e-05,8.118762673e-06,-3.635112492,0.0005
51,-0.00749045046,-0.02863424935,-0.0001475901234,0.0002462067768,-4.540868192,0.0005
52,-0.006876224924,-0.02677484471,-0.01772943245,0.001483632591,-13.2492748,0.0005
53,-2.530507685e-05,-0.02705847693,-0.003469262236,-0.000424072686,-1.098045307,0.0005
54,-0.006490443915,-0.02863423636,-0.0003036890161,6.021522803e-05,-5.701777652,0.0005
55,0.00878100018,-0.0277686958,-0.0006006259841,-0.0002701137027,-14.28893483,0.0005
56,0.01353736422,-0.02950032735,-4.18136185e-05,-0.0007991687221,9.455317415,0.0005
57,-0.00286215796,-0.02784975922,-0.003949456291,0.005288175272,-4.56523709,0.0005
58,0.003737246225,-0.02950023696,-0.000167648765,-3.151657099e-05,4.408900818,0.0005
59,0.01048337088,-0.02705676563,-6.847089787e-05,0.0002978856278,4.974612448,0.0005
60,0.009280383027,-0.02690231449,0.0003064745292,-0.0004518933645,-8.368158679,0.0005
61,0.00625922686,-0.02691440868,0.000692030817,0.0008426174734,12.48382498,0.0005
62,-0.004990001666,-0.02776795955,0.0007723017837,-0.001213887023,12.27006978,0.0005
63,0.001177116511,-0.0286407477,0.003692137278,-0.002556308303,-1.565647884,0.0005
64,-0.008495217852,-0.02863711449,2.754542484e-05,6.998965368e-05,3.48908363,0.0005
65,0.005252854967,-0.02691139227,0.0003563421149,-0.001267050246,-3.994714224,0.0005
66,-0.01358880445,-0.02869093297,0.0001116088322,8.643569352e-05,-7.355830961,0.0005
67,0.01178154518,-0.02950016439,-0.0008431678419,-0.0006707526895,3.424816086,0.0005
68,-0.007990365195,-0.02950021191,-2.378435986e-05,0.0002233590116,-15.64800605,0.0005
69,-0.005490521636,-0.02863425283,0.0002789199091,0.0005397658465,-8.448928223,0.0005
70,0.01028145855,-0.02863416298,-0.0008354712516,0.0003145897356,-8.767422753,0.0005
71,-0.01305815115,-0.02780334847,-0.03705794688,-0.0249223945,-12.76260531,0.0005
72,-0.003362270912,-0.02698357052,0.005074860521,-0.0009135244148,25.95616415,0.0005
73,0.00978094522,-0.0277684371,-0.0004714737958,-4.583865822e-05,-7.334685613,0.0005
74,0.003258360728,-0.0268911362,-0.0002070368934,-0.00256162778,13.1808731,0.0005
75,-0.006990449989,-0.02776828669,8.28292735e-05,-8.331264446e-06,-12.06558154,0.0005
76,0.01353735481,-0.02850054727,-0.0003261375392,0.0001462540541,7.828523006,0.0005
77,-0.004990536375,-0.0295002912,-0.0001440004137,0.0009301698254,-2.076829396,0.0005
78,0.007833314939,-0.02600911279,-0.005823862282,-0.003032105248,-0.06361629605,0.0005
79,0.01128139896,-0.0286342634,-0.0006756156641,-0.0001680240802,4.540466288,0.0005
80,-0.00699039993,-0.02950018748,-8.293324593e-06,0.0002141439115,-2.698990415,0.0005
81,0.0006780655811,-0.02777392683,-0.002661839381,0.001250548893,-27.38883541,0.0005
82,-0.009000219169,-0.02950016158,3.936698932e-05,4.035704402e-05,4.025519106,0.0005
83,0.003534021675,-0.02592966602,0.03300733004,-0.01259891224,-44.04161631,0.0005
84,0.006768764329,-0.02950030682,-0.0007234110575,-0.000668268896,-0.4344350922,0.0005
85,0.004236360706,-0.02863387027,0.001971434409,-0.002199075449,1.152584343,0.0005
86,0.00878057918,-0.0295001822,-0.0002550601138,3.961174521e-06,2.049867945,0.0005
87,0.005753189512,-0.02777733728,-0.0003512421679,9.68548161e-05,1.035463056,0.0005
88,-0.0005348815484,-0.0279204895,0.003686711614,0.001788798145,-0.2889460027,0.0005
89,0.008275258833,-0.02690610001,-0.0005052536899,-0.0003905619456,-1.743377364,0.0005
90,0.00978158498,-0.02950017025,-0.0004268262432,0.0001462947833,-9.823043121,0.0005
91,-0.01300158443,-0.02950019766,2.992934092e-05,-2.006511687e-05,-2.807345588,0.0005
92,0.007274342427,-0.02863764272,0.0008409362191,-0.001250377313,2.842955963,0.0005
93,-0.01427695262,-0.02949858174,0.002387456246,0.006204559822,-1.961985682,0.0005
94,-0.01100171476,-0.02950011755,3.591107365e-06,9.447857044e-06,-7.583754236,0.0005
95,-0.01150169061,-0.02863411203,6.233623447e-06,-1.458256127e-05,-2.369778907,0.0005
96,0.0006654396356,-0.02950001331,0.002254891686,0.0009083065807,-3.072655744,0.0005
97,0.004737597137,-0.02950009432,-0.0006689255696,0.0002610273521,-2.046244244,0.0005
98,0.007269921568,-0.02690856053,-0.001076378368,-0.001389989833,3.680655351,0.0005
99,0.01129953793,-0.02763450898,0.0001180491566,-0.0004242667062,9.997114835,0.0005
