0,0.01214925983,-0.02713751104,-2.978104258e-05,-1.748299034e-05,13.92754943,0.0005
1,-0.00599438922,-0.02776821417,1.774622482e-05,1.035823509e-05,7.043520452,0.0005
2,0.001680070789,-0.02777137307,-5.394116976e-06,6.311475193e-06,0.2765500653,0.0005
3,-0.003412487278,-0.02868713493,9.676367147e-06,1.372480064e-05,5.285250634,0.0005
4,0.01076828961,-0.0295002641,-5.086384503e-05,-8.100780813e-06,-2.862379281,0.0005
5,-0.001744083482,-0.02950020643,-3.060029159e-05,-2.475941742e-06,-1.729941427,0.0005
6,-0.009994349221,-0.02950014796,2.048258608e-05,-1.799170026e-07,3.268261526,0.0005
7,0.0016854204,-0.029500186,-2.488654014e-05,5.467961485e-06,6.054958241,0.0005
8,-0.003994480984,-0.02950019949,1.573841399e-05,4.942495459e-07,1.086476294,0.0005
9,0.01265111221,-0.02902918198,-2.718930908e-05,-1.816746515e-05,-12.84229233,0.0005
10,0.003211131405,-0.02864964479,-7.682273422e-06,8.2250062e-06,-10.65359434,0.0005
11,-0.008994362838,-0.02776824171,2.432810585e-05,-2.469258646e-06,5.024420166,0.0005
12,-0.001577750668,-0.02795601662,2.419741467e-05,-2.538507425e-05,-11.57609225,0.0005
13,-0.01450010494,-0.02829840319,-3.304787734e-06,-3.271367627e-05,12.47515499,0.0005
14,0.01450005599,-0.02824587592,4.808200965e-06,-4.732470674e-05,-1.125198724,0.0005
15,-0.001077819448,-0.02708998916,8.265312409e-07,-2.189570665e-05,-18.50529395,0.0005
16,0.005749502286,-0.02950023333,-9.406263344e-05,-4.280974557e-06,-3.300161703,0.0005
17,0.002685406999,-0.02950019155,-1.459706685e-05,1.574772025e-05,-10.80086007,0.0005
18,-0.002159819592,-0.02714292191,3.523115314e-05,-3.046626284e-05,-6.106713781,0.0005
19,-0.004494432902,-0.02863423463,1.959177856e-05,-3.34329659e-06,14.51061761,0.0005
20,0.01450007832,-0.02924584878,2.710773553e-06,-6.147016642e-05,-2.091857155,0.0005
21,-0.0003252185789,-0.02950020304,4.905448023e-06,-2.556721206e-06,-7.982226504,0.0005
22,0.003712602394,-0.02778454095,-4.632967066e-05,2.729483479e-06,1.972346342,0.0005
23,-0.007994370046,-0.02776826287,2.322208473e-05,-6.730995584e-06,4.335806429,0.0005
24,0.004743208501,-0.02777202354,-4.274883693e-05,1.881214409e-05,0.4770799443,0.0005
25,0.007761667548,-0.02950020701,-4.829317791e-05,-1.214333366e-05,-1.786158183,0.0005
26,0.005244678727,-0.02863712301,-3.515745197e-05,1.435294244e-05,3.955375945,0.0005
27,0.002205837362,-0.02692078245,-3.475102084e-06,1.123483879e-05,-26.62579124,0.0005
28,-0.003912431344,-0.02782111714,1.605250922e-05,1.942097102e-06,7.28758539,0.0005
29,0.0001747809136,-0.02863425247,2.870053445e-05,-5.246666409e-06,9.887702689,0.0005
30,-0.002830403198,-0.02950017717,-2.185610037e-05,-2.014983574e-05,-4.184956333,0.0005
31,0.01327107842,-0.026684686,1.551017344e-05,-2.386287169e-05,-16.06301987,0.0005
32,0.007759433972,-0.02776966538,-4.237802115e-05,-8.904849809e-06,-0.4617331115,0.0005
33,0.008261701269,-0.02863430671,-3.882428929e-05,-1.881731071e-05,7.086165877,0.0005
34,0.01300821705,-0.02764947954,-3.144310584e-05,-1.492898515e-05,-24.77521974,0.0005
35,0.01215052336,-0.0281635544,-1.887716104e-05,-2.678984967e-05,17.68751183,0.0005
36,-0.002287229448,-0.0286606614,-3.525571848e-05,9.726896164e-06,5.728449732,0.0005
37,-0.01249429356,-0.02863417766,9.829284962e-06,-1.252458561e-06,0.2209503084,0.0005
38,-0.008494362554,-0.0269022592,1.810853261e-05,-4.019605674e-06,-14.99657257,0.0005
39,0.009264991993,-0.02863621054,-4.193995326e-05,-9.401350839e-06,-1.19305434,0.0005
40,0.002185405567,-0.02863424929,-1.299673843e-05,3.222176699e-06,8.207848897,0.0005
41,-0.001034647642,-0.0287955884,7.046227486e-07,-3.452069055e-05,14.53246937,0.0005
42,0.01397520573,-0.02739474262,-2.413670036e-05,-6.626617978e-05,40.98707961,0.0005
43,0.006253266237,-0.0286365264,-7.798961685e-05,1.122124775e-05,0.335210083,0.0005
44,-0.009494362347,-0.02863420088,2.183731731e-05,-1.604737665e-06,1.22465243,0.0005
45,-0.005994414693,-0.02950016623,3.663091146e-06,-1.520252559e-06,6.658798706,0.0005
46,-0.009994346526,-0.02776818192,2.166736686e-05,-2.349337122e-06,1.388315333,0.0005
47,0.002711155134,-0.02778367752,-1.500047662e-05,4.063623847e-06,37.44366162,0.0005
48,0.006755510178,-0.02777190011,-5.932059031e-05,-9.175726771e-06,-3.593181393,0.0005
49,-0.01049433869,-0.02863415906,1.865432543e-05,2.567977975e-06,0.9316197462,0.0005
50,-0.01199424157,-0.02950012469,2.019186119e-05,2.323256944e-06,-3.633665337,0.0005
51,-0.007494379556,-0.02863423142,2.242462629e-05,-2.207007149e-06,-4.558998946,0.0005
52,-0.007494369551,-0.02690226367,1.669108951e-05,-6.855041898e-06,-11.8637507,0.0005
53,-2.941675462e-05,-0.02706671008,-2.98779571e-05,-3.141882752e-05,-1.093056849,0.0005
54,-0.00649439025,-0.0286342167,1.674413084e-05,1.977038304e-06,-5.708281437,0.0005
55,0.008765012012,-0.02777027139,-4.782489868e-05,-1.096811196e-05,-14.25766012,0.0005
56,0.01353307343,-0.02950033458,-2.503834023e-05,4.863155067e-06,9.454455,0.0005
57,-0.002869308645,-0.02784759636,6.796792052e-06,2.094099803e-05,-4.559741937,0.0005
58,0.003736829252,-0.02950020608,-4.48067726e-06,-7.228297076e-06,4.42007309,0.0005
59,0.01046561009,-0.02705677667,-6.739886923e-05,-6.932420851e-06,4.957866866,0.0005
60,0.009265014475,-0.02690428104,-6.421261128e-05,-2.085081196e-05,-8.394692461,0.0005
61,0.006250730677,-0.02690868602,-5.017209834e-05,4.174857432e-06,12.46898202,0.0005
62,-0.004994391946,-0.02776822301,2.074105021e-05,1.149230935e-05,12.28596042,0.0005
63,0.001180086559,-0.02863735338,-7.237208634e-06,1.643872951e-05,-1.561143392,0.0005
64,-0.008494372814,-0.02863422817,2.304912099e-05,-3.266894283e-06,3.484139175,0.0005
65,0.005246988105,-0.02690822602,-5.542075955e-05,1.914508126e-05,-3.878907229,0.0005
66,-0.01358012223,-0.02869006663,9.138421976e-06,7.093721538e-06,-7.342727189,0.0005
67,0.0117690315,-0.02950014073,-4.908831657e-05,-5.339065225e-06,3.441830267,0.0005
68,-0.007994380957,-0.02950017485,1.592824515e-05,-2.581646978e-06,-15.64140925,0.0005
69,-0.005494411868,-0.02863420651,1.671888514e-05,6.474186498e-06,-8.459055399,0.0005
70,0.01026843825,-0.02863424841,-4.554106398e-05,4.723794067e-07,-8.78053737,0.0005
71,-0.01308035419,-0.02782394315,1.908665499e-05,9.339146143e-06,-12.57452592,0.0005
72,-0.003369219423,-0.02698155561,1.974625576e-06,1.210153954e-05,25.99810872,0.0005
73,0.009765009787,-0.02777027519,-4.963714958e-05,-8.621670874e-06,-7.314920695,0.0005
74,0.003212626279,-0.02691853981,-2.520491391e-05,4.48979959e-06,13.13850221,0.0005
75,-0.006994375931,-0.02776825088,1.88857039e-05,1.320973568e-07,-12.05157402,0.0005
76,0.01353308438,-0.02850052998,-2.52860895e-05,-5.264052289e-06,7.814641219,0.0005
77,-0.004994448953,-0.02950017128,2.569374359e-06,-8.902010294e-07,-2.065283615,0.0005
78,0.007758855748,-0.02604189032,-7.452990931e-05,-4.598181852e-06,0.2740343855,0.0005
79,0.01126843676,-0.02863451197,-3.672918703e-05,-2.711302373e-06,4.52882448,0.0005
80,-0.00699439278,-0.029500172,1.235248809e-05,-1.664647115e-06,-2.688656045,0.0005
81,0.0006800929381,-0.0277713693,1.893578079e-06,8.27246454e-06,-27.38754003,0.0005
82,-0.008994370377,-0.02950016628,2.069990538e-05,-1.307520819e-06,4.022206247,0.0005
83,0.00421749789,-0.02692139827,-7.42920631e-05,1.168407204e-05,-46.00258477,0.0005
84,0.006757127835,-0.02950020687,-7.835627806e-05,8.257294173e-07,-0.4104506282,0.0005
85,0.004238306776,-0.02863513724,-3.769537027e-05,1.200224539e-05,1.158039207,0.0005
86,0.008761717026,-0.02950021888,-3.507184624e-05,-1.546475253e-05,2.084533806,0.0005
87,0.005748462774,-0.02777336253,-5.904944873e-05,1.719779543e-05,0.9894278723,0.0005
88,-0.000534709243,-0.02792961607,-1.450763434e-06,-3.042179522e-05,-0.2851348938,0.0005
89,0.008262770278,-0.02690561022,-5.93011111e-05,-4.428250457e-06,-1.740813772,0.0005
90,0.009768329863,-0.02950017375,-4.451660298e-05,-6.294023544e-06,-9.794488631,0.0005
91,-0.01299417241,-0.02950021926,1.385573598e-05,4.418018746e-06,-2.821660945,0.0005
92,0.007259397274,-0.02863559964,-5.317667861e-05,1.023696999e-05,2.817740987,0.0005
93,-0.01418875749,-0.02950005137,-9.951320961e-05,-1.83823132e-12,-2.141170256,0.0005
94,-0.01099430895,-0.0295001227,1.837702447e-05,8.07396464e-07,-7.587128897,0.0005
95,-0.01149430775,-0.02863411272,1.457069635e-05,2.891523821e-06,-2.396962233,0.0005
96,0.0006747626118,-0.02950019005,4.705245626e-06,-7.963052133e-06,-3.085656491,0.0005
97,0.004739792178,-0.02950020178,-1.727195617e-05,-1.886516757e-06,-2.050496128,0.0005
98,0.007255520277,-0.02690594718,-6.249422239e-05,-2.080607147e-06,3.634876896,0.0005
99,0.01128166183,-0.02763469791,-6.432221486e-05,3.91658206e-06,10.00938279,0.0005
