0,0.01395228352,0.01394829447,0,-0.19620981,0,0.0005
1,-0.009442643673,0.02217962797,0,-0.19620981,0,0.0005
2,-0.001022839596,0.01774894469,0,-0.19620981,0,0.0005
3,-0.002456175896,-0.01833345863,0,-0.19620981,0,0.0005
4,0.008524796189,-0.008780119362,0,-0.19620981,0,0.0005
5,0.001080361422,-0.002867793458,0,-0.19620981,0,0.0005
6,-0.01018692122,-0.02935443814,0.01674042474,-0.1408792655,0.4468060568,0.0005
7,0.002916222675,-0.01736140849,0,-0.19620981,0,0.0005
8,-0.008989119665,-0.02934404724,0.09094923045,0.02821905981,0.5013768767,0.0005
9,0.009539423126,-0.009975472579,0,-0.19620981,0,0.0005
10,0.001219619279,0.004771751309,0,-0.19620981,0,0.0005
11,-0.01289148129,-0.02442938578,0,-0.19620981,0,0.0005
12,-0.003862806967,-0.009792679563,0,-0.19620981,0,0.0005
13,-0.01043527579,0.02566965952,0,-0.19620981,0,0.0005
14,0.01281689452,0.009336681598,0,-0.19620981,0,0.0005
15,-0.009573888892,-0.004383133526,0,-0.19620981,0,0.0005
16,0.005078668126,-0.01062578958,0,-0.19620981,0,0.0005
17,0.00343020957,-0.01458198054,0,-0.19620981,0,0.0005
18,-0.006658620639,0.02525305014,0,-0.19620981,0,0.0005
19,-0.008926750873,-0.01813497114,0,-0.19620981,0,0.0005
20,0.01206372244,-0.002787930438,0,-0.19620981,0,0.0005
21,0.000259002885,0.0007918128773,0,-0.19620981,0,0.0005
22,-0.001578640435,0.008957180271,0,-0.19620981,0,0.0005
23,-0.009591312253,0.01818383167,0,-0.19620981,0,0.0005
24,0.002287731304,0.02526927104,0,-0.19620981,0,0.0005
25,0.00159766348,-0.02896991014,0,0.08168599271,0,0.0005
26,0.0007512250087,0.01499900374,0,-0.19620981,0,0.0005
27,-0.01071265495,0.02710698614,0,-0.19620981,0,0.0005
28,-0.004961032441,0.01900024886,0,-0.19620981,0,0.0005
29,-0.0008777259785,-0.02336040389,0,-0.19620981,0,0.0005
30,0.001254127467,-0.01720562829,0,-0.19620981,0,0.0005
31,0.009533602166,0.001259856375,0,-0.19620981,0,0.0005
32,0.007526676888,0.01614786944,0,-0.19620981,0,0.0005
33,0.00711596995,-0.02913859648,0,0.1264692168,0,0.0005
34,0.009988254914,0.02020005752,0,-0.19620981,0,0.0005
35,0.00749496611,-0.0098836364,0,-0.19620981,0,0.0005
36,-0.004053887956,-0.02929300924,0,-0.19620981,0,0.0005
37,-0.01300969122,0.01220949351,0,-0.19620981,0,0.0005
38,-0.007618538175,0.01273815507,0,-0.19620981,0,0.0005
39,0.007192348246,0.007315281286,0,-0.19620981,0,0.0005
40,-0.002165087661,-0.004361690995,0,-0.19620981,0,0.0005
41,-0.005026842376,-0.0268344217,0,-0.19620981,0,0.0005
42,0.01397976351,0.003612649358,0,-0.19620981,0,0.0005
43,0.004381475929,0.001291485992,0,-0.19620981,0,0.0005
44,-0.0114415059,-0.003043229781,0,-0.19620981,0,0.0005
45,-0.01160361265,-0.02078919685,0,-0.19620981,0,0.0005
46,-0.01291331366,0.01409088153,0,-0.19620981,0,0.0005
47,0.01206559955,0.008570351644,0,-0.19620981,0,0.0005
48,0.002233488083,0.0006082301179,0,-0.19620981,0,0.0005
49,-0.01387608553,-0.02167806424,0,-0.19620981,0,0.0005
50,-0.01418304363,-0.006084195024,0,-0.19620981,0,0.0005
51,-0.006494118547,0.009175232667,0,-0.19620981,0,0.0005
52,-0.007170288107,0.01416621312,0,-0.19620981,0,0.0005
53,-0.01224605205,0.02699098271,0,-0.19620981,0,0.0005
54,-0.003454348116,-0.0250455647,0,-0.19620981,0,0.0005
55,0.005741540365,0.01609055318,0,-0.19620981,0,0.0005
56,0.009903685248,-0.01639470402,0,-0.19620981,0,0.0005
57,-0.007521263081,-0.02047024135,0,-0.19620981,0,0.0005
58,0.003099922339,0.007701681585,0,-0.19620981,0,0.0005
59,0.007492308024,0.0213495608,0,-0.19620981,0,0.0005
60,0.001098994334,0.01315918233,0,-0.19620981,0,0.0005
61,0.002691114825,0.01510936376,0,-0.19620981,0,0.0005
62,-0.006497290801,0.01777614528,0,-0.19620981,0,0.0005
63,-0.0009696268513,-0.003673081525,0,-0.19620981,0,0.0005
64,-0.007236319577,-0.01353559874,0,-0.19620981,0,0.0005
65,-0.004426653944,0.01211080561,0,-0.19620981,0,0.0005
66,-0.01397861559,0.002978194769,0,-0.19620981,0,0.0005
67,0.01291608342,-0.00597130732,0,-0.19620981,0,0.0005
68,-0.01291278714,-0.02616598316,0,-0.19620981,0,0.0005
69,-0.007886647472,-0.02162358824,0,-0.19620981,0,0.0005
70,0.008491978336,0.008277885908,0,-0.19620981,0,0.0005
71,-0.01130055845,0.01086947724,0,-0.19620981,0,0.0005
72,0.004148968905,0.007352320744,0,-0.19620981,0,0.0005
73,0.009686001271,0.01910166928,0,-0.19620981,0,0.0005
74,-0.00661846935,0.02226119864,0,-0.19620981,0,0.0005
75,-0.004697686886,0.007033681454,0,-0.19620981,0,0.0005
76,0.01378479383,-0.01405104205,0,-0.19620981,0,0.0005
77,-0.007364039258,-0.005479995648,0,-0.19620981,0,0.0005
78,0.005660584196,0.01322934029,0,-0.19620981,0,0.0005
79,0.008010086793,-0.01816670284,0,-0.19620981,0,0.0005
80,-0.01057871088,-0.02327703877,0,-0.19620981,0,0.0005
81,0.007382934425,0.008516562548,0,-0.19620981,0,0.0005
82,-0.01273129698,-0.005251268418,0,-0.19620981,0,0.0005
83,0.004613771421,0.01466260599,0,-0.19620981,0,0.0005
84,0.006455135556,-0.001184035131,0,-0.19620981,0,0.0005
85,-0.0004294111322,0.01608167357,0,-0.19620981,0,0.0005
86,0.00882450579,-0.01335421328,0,-0.19620981,0,0.0005
87,-0.002391436372,0.01666371043,0,-0.19620981,0,0.0005
88,0.0002730376361,-0.02527398797,0,-0.19620981,0,0.0005
89,0.0014753243,0.001526036192,0,-0.19620981,0,0.0005
90,0.008472067009,-0.003096764774,0,-0.19620981,0,0.0005
91,-0.01417001825,-0.0257508356,0,-0.19620981,0,0.0005
92,0.005687463124,-0.01421365941,0,-0.19620981,0,0.0005
93,-0.01225265349,-0.02835856364,0,-0.19620981,0,0.0005
94,-0.0113108129,-0.02900340783,-0.1076896552,-0.1596257013,-0.05457081995,0.0005
95,-0.008550327916,0.004981206555,0,-0.19620981,0,0.0005
96,-0.00259130894,-0.01194249443,0,-0.19620981,0,0.0005
97,0.004174667405,-0.02907713565,0,0.1143794084,0,0.0005
98,-0.002528008852,-0.02436550143,0,-0.19620981,0,0.0005
99,0.01145540996,0.01673886566,0,-0.19620981,0,0.0005
