0,0.01215689206,-0.02713311408,-5.023533163e-05,-3.038115852e-05,13.93595573,0.0005
1,-0.005996937338,-0.02776821642,-2.362696436e-05,6.124871272e-06,7.042224355,0.0005
2,0.001680654709,-0.02777385642,-6.172021256e-05,1.62039271e-05,0.2717619983,0.0005
3,-0.003411912423,-0.02868934824,-5.947556553e-05,2.443284826e-05,5.286698778,0.0005
4,0.01077586859,-0.0295002528,-3.716827187e-05,7.708569318e-06,-2.863163198,0.0005
5,-0.001738819577,-0.02950020876,-6.090175831e-05,6.016235396e-06,-1.733804062,0.0005
6,-0.009998864048,-0.0295001533,1.613307987e-05,-3.70706688e-06,3.270558727,0.0005
7,0.001689366212,-0.02950020874,-6.177762877e-05,-2.941321932e-06,6.050676671,0.0005
8,-0.003997003137,-0.02950019323,-2.910238641e-05,2.513800194e-06,1.087331001,0.0005
9,0.01265614533,-0.0290246286,-3.599397096e-05,-7.759496118e-06,-12.83548143,0.0005
10,0.00321564261,-0.02864939844,-7.983511964e-05,-3.063438054e-06,-10.64610764,0.0005
11,-0.008997953786,-0.02776880451,1.491445185e-05,6.347288793e-06,5.021659713,0.0005
12,-0.001577864148,-0.02795196804,-9.074285806e-06,-4.723518519e-05,-11.57576108,0.0005
13,-0.01450010573,-0.0282911186,8.123951758e-06,-2.041591091e-05,12.48827872,0.0005
14,0.01450005364,-0.02823625782,-4.88134314e-07,-4.777356902e-05,-1.133040349,0.0005
15,-0.001077738319,-0.02708605375,-6.253514931e-05,-1.88027391e-05,-18.50308641,0.0005
16,0.005765316021,-0.02950022584,-0.0001075547965,6.350864005e-06,-3.327636429,0.0005
17,0.002690289784,-0.02950017773,-9.866165859e-05,-1.833205768e-06,-10.80563061,0.0005
18,-0.002163008042,-0.02714108078,-4.5836031e-06,-4.003608513e-05,-6.097410961,0.0005
19,-0.004496971036,-0.02863423007,-2.410972942e-05,1.502907443e-05,14.50765763,0.0005
20,0.01450008068,-0.02923622785,4.607123396e-06,-7.000109688e-05,-2.102789279,0.0005
21,-0.0003290462534,-0.02950018277,5.276108547e-06,-1.647670319e-05,-7.981673297,0.0005
22,0.003720037057,-0.02778598978,-7.908721395e-05,4.531642057e-06,1.962436696,0.0005
23,-0.007997935885,-0.02776884645,-1.269052907e-05,1.41398435e-05,4.335432368,0.0005
24,0.004753172853,-0.02777542575,-9.927431294e-05,2.574861382e-05,0.4633421189,0.0005
25,0.007773220078,-0.02950020674,-8.430940091e-05,1.385964297e-05,-1.809499874,0.0005
26,0.005257521331,-0.02863885413,-0.000121822693,1.376107369e-05,3.977830398,0.0005
27,0.002206067114,-0.02692304488,-5.803432399e-05,9.342978432e-06,-26.61647454,0.0005
28,-0.003911868921,-0.02782333789,-3.12574067e-05,1.583339058e-05,7.286010634,0.0005
29,0.00017113542,-0.02863432421,-2.135265968e-05,8.810625722e-06,9.883965809,0.0005
30,-0.002826749894,-0.02950018003,-8.504919516e-05,-4.059228612e-06,-4.189232556,0.0005
31,0.01326788554,-0.02667975135,1.353797992e-05,-3.161603562e-05,-16.03920147,0.0005
32,0.007772418145,-0.02776944511,-9.494815478e-05,-1.980568754e-05,-0.4780927562,0.0005
33,0.008273777786,-0.02863460717,-7.237224213e-05,1.105488234e-06,7.106215614,0.0005
34,0.01301464018,-0.02764711186,-3.957536733e-05,-4.756543173e-06,-24.78270825,0.0005
35,0.01215562222,-0.02815896512,-3.055041018e-05,-2.448562565e-05,17.68618622,0.0005
36,-0.002282766418,-0.02866118682,-6.096715166e-05,-1.359077024e-05,5.734612348,0.0005
37,-0.01249879203,-0.02863417267,1.154742356e-05,-7.56880796e-06,0.2061215897,0.0005
38,-0.008497925014,-0.02690283988,-2.244430407e-05,1.215794244e-05,-14.99567323,0.0005
39,0.009275076172,-0.02863476667,-6.073960939e-05,-1.135048861e-08,-1.175199613,0.0005
40,0.002189769396,-0.02863452453,-7.055432277e-05,1.130818705e-05,8.215948246,0.0005
41,-0.001033943332,-0.02879101856,-2.260561455e-05,-3.646803261e-05,14.53391846,0.0005
42,0.01397904749,-0.02738276364,-4.628974408e-06,-5.875599425e-05,40.98889073,0.0005
43,0.006267869002,-0.02863580666,-0.0001012813857,4.862496237e-07,0.3621297677,0.0005
44,-0.009498848034,-0.02863423166,3.087726974e-05,6.956192535e-06,1.223072418,0.0005
45,-0.005996953664,-0.02950016601,-3.283773273e-05,3.7302884e-06,6.659893008,0.0005
46,-0.009998766579,-0.02776819244,4.701422076e-06,1.040794969e-05,1.394286088,0.0005
47,0.002715144894,-0.02778372832,-6.304794868e-05,7.628761814e-06,37.43733629,0.0005
48,0.006769215362,-0.02777065264,-0.0001014991009,-3.95566875e-06,-3.611819051,0.0005
49,-0.01049882844,-0.02863414748,6.497666776e-06,6.103202528e-07,0.9245491665,0.0005
50,-0.01199874754,-0.02950011986,2.173360902e-05,-1.447677676e-05,-3.630977745,0.0005
51,-0.007496930119,-0.02863422917,-3.182848497e-05,1.124576377e-05,-4.555874801,0.0005
52,-0.00749793248,-0.02690284926,-1.643000972e-05,1.544768496e-05,-11.86457511,0.0005
53,-2.472789663e-05,-0.02706447355,-6.146868319e-05,-8.511925092e-07,-1.101380669,0.0005
54,-0.006496937796,-0.02863421715,-1.425319203e-05,3.073760388e-06,-5.709851214,0.0005
55,0.008774591371,-0.02776912,-5.909911239e-05,-2.645228313e-05,-14.27232187,0.0005
56,0.01353566051,-0.02950033221,-1.287281922e-05,-9.075467068e-08,9.456431679,0.0005
57,-0.00286791988,-0.02785033564,-2.97402909e-05,-1.336394882e-05,-4.558929321,0.0005
58,0.003740969383,-0.02950019945,-6.479849118e-05,9.860417472e-06,4.408290476,0.0005
59,0.01047634592,-0.02705598592,-5.269036293e-05,-2.839939644e-07,4.961571196,0.0005
60,0.0092745628,-0.02690310992,-5.67394287e-05,-1.250319941e-05,-8.382665526,0.0005
61,0.006261460403,-0.02690918688,-7.566517827e-05,1.901544128e-06,12.48974606,0.0005
62,-0.004996938629,-0.02776822315,-3.389522816e-05,-4.673256863e-06,12.28782833,0.0005
63,0.001180292669,-0.02863959874,-3.85056762e-05,8.631873912e-07,-1.559691848,0.0005
64,-0.008497955927,-0.02863479924,5.579676905e-06,5.425535573e-06,3.483673291,0.0005
65,0.005255741526,-0.02691092276,-7.127094158e-05,1.471614975e-05,-3.859318607,0.0005
66,-0.01358263305,-0.02868862452,1.556567933e-05,-2.671295855e-05,-7.364735861,0.0005
67,0.01177651398,-0.02950014648,-4.468857016e-05,-1.679829932e-06,3.433096673,0.0005
68,-0.007996935959,-0.02950016464,-2.780972824e-05,-7.370750591e-06,-15.63842812,0.0005
69,-0.005496954229,-0.02863420733,-2.22388634e-05,-1.035500513e-05,-8.459713937,0.0005
70,0.0102759915,-0.02863424316,-4.581495223e-05,4.013659459e-07,-8.775294085,0.0005
71,-0.01308286188,-0.02782250298,4.26484008e-06,-4.536821104e-06,-12.5612562,0.0005
72,-0.003367842145,-0.02698430307,-1.265964315e-05,4.908910118e-06,25.99779724,0.0005
73,0.009775059968,-0.02776881508,-6.057004835e-05,-2.153466978e-05,-7.32412832,0.0005
74,0.00321953656,-0.02692029044,-6.340153353e-05,-1.134359512e-07,13.14398337,0.0005
75,-0.006996927429,-0.02776825062,-2.302158237e-05,5.347059268e-06,-12.04927668,0.0005
76,0.01353566428,-0.02850052344,5.564248381e-06,-9.400020491e-06,7.824814227,0.0005
77,-0.004996978352,-0.02950017007,-7.188449776e-06,5.206215893e-06,-2.064093589,0.0005
78,0.00777058132,-0.0260394874,-7.475204738e-05,-1.620556044e-05,0.257895594,0.0005
79,0.01127598817,-0.02863448303,-6.571315876e-05,-2.377204342e-06,4.53379364,0.0005
80,-0.006996938738,-0.02950017141,-3.629988728e-05,9.373041e-06,-2.688648654,0.0005
81,0.0006802561527,-0.02777366056,-3.577594571e-05,1.40813263e-05,-27.39004263,0.0005
82,-0.008998882948,-0.0295001893,3.242861751e-05,1.10987554e-06,4.024964502,0.0005
83,0.004227851126,-0.02692455755,-0.0001097745401,5.575573576e-06,-45.99458283,0.0005
84,0.006770497124,-0.02950020894,-0.0001002787274,1.635364274e-07,-0.4376227808,0.0005
85,0.004245350662,-0.02863682029,-9.424479018e-05,5.976592614e-06,1.170855368,0.0005
86,0.008774295567,-0.02950022386,-2.478999402e-05,3.003564e-06,2.062283184,0.0005
87,0.005760092664,-0.02777438696,-8.811228148e-05,-2.175027313e-06,0.9728674437,0.0005
88,-0.0005338113189,-0.02792515,-4.005916957e-05,-1.897121819e-05,-0.2881122219,0.0005
89,0.008273247027,-0.02690393437,-6.471432724e-05,-5.316830037e-06,-1.725574082,0.0005
90,0.00977590874,-0.02950018203,-4.145759769e-05,-6.519534566e-06,-9.81252749,0.0005
91,-0.01299867685,-0.02950021556,3.155075176e-05,5.901604671e-07,-2.814101542,0.0005
92,0.007271854233,-0.02863507533,-0.0001153386676,1.738267553e-06,2.835809852,0.0005
93,-0.01416826624,-0.02950005135,-9.951395848e-05,-1.528277514e-08,-2.179517561,0.0005
94,-0.01099881914,-0.02950011618,1.535902663e-05,6.833224263e-06,-7.586070339,0.0005
95,-0.01149880495,-0.02863410473,2.84728386e-05,-6.599668389e-06,-2.389393742,0.0005
96,0.0006711993389,-0.02950020305,-6.272726426e-05,-7.679847437e-06,-3.083700759,0.0005
97,0.004749698096,-0.02950021039,-8.372506382e-05,-2.629552712e-06,-2.068883278,0.0005
98,0.007269754525,-0.02690500142,-8.030643454e-05,4.107335059e-07,3.654777192,0.0005
99,0.01129183085,-0.02763470766,-4.962312124e-05,6.092889112e-07,10.00695038,0.0005
