0,0.01286314508,-0.02950751228,-0.01022712286,-0.00635650844,0.2946382358,0.0004896285199
1,0.01448041768,-0.02724730323,-0.01217633584,0.01830537413,-0.01821548869,0.0005122818571
2,-0.01431119187,-0.02777249033,0.007479614123,0.001543694161,8.520162321,0.0006613818599
3,0.006213539287,-0.02748225974,-0.02029933973,0.01388639734,1.526788083,0.0005529695268
4,0.00183209368,-0.02741421682,-0.08010111674,0.07119372821,2.176363361,0.0006557376444
5,0.01220615196,-0.02847684505,-0.01445250163,-0.05414779391,-6.175373103,0.0003812102343
6,0.008878249938,-0.02955331226,-0.02659702545,-0.008442678653,-2.238334721,0.0004466786265
7,0.01238483907,-0.02629583624,0.004647779116,-0.02325440357,-0.2356708003,0.0003930580654
8,-0.008205776175,-0.02533446225,-0.02625236529,-0.1138466959,16.28087288,0.0005621936221
9,-0.001185555997,-0.02783952491,0.03642484366,0.01596891818,7.075211374,0.0005554407998
10,-0.0005866975773,-0.02949625161,-0.01023518533,0.00975908928,3.226096495,0.0004311394351
11,0.01180715743,-0.02758625004,0.0473315781,-0.03459746092,-0.3847413246,0.0005465138425
12,-0.01332242636,-0.02835569354,0.0002408915867,-0.004927210121,5.084127051,0.0004840383056
13,0.003803912732,-0.02404787822,0.100173055,-0.2788790805,13.1516211,0.0004588686784
14,-0.01041767238,-0.02966083887,0.00324216549,-0.0002746500159,-0.8932551127,0.0003392868218
15,0.001280140288,-0.02526247215,-0.1160269675,0.01384299912,-21.60315258,0.0004659542036
16,0.008002845229,-0.02900132217,-0.001291617367,-0.01947601799,-7.156793598,0.0005710810561
17,-0.01233661617,-0.02858491619,0.006679120026,-0.01768626631,4.168591773,0.0005225651648
18,-0.006228323091,-0.02492180765,0.03417087659,0.02866341712,-4.998376943,0.0006230247637
19,-0.004677520115,-0.0275299309,0.01510643472,-0.004429642468,0.2746985049,0.0006309839907
20,-0.01066869433,-0.02540484366,-0.03877496402,0.01415847903,-3.947081461,0.0005440759443
21,0.004694713966,-0.0284410862,-0.05379961711,-0.05515808906,0.6139507797,0.0005414493795
22,0.009110136178,-0.02850084334,-0.05828974001,-0.08217411585,-4.116418616,0.0006326654082
23,0.003285044754,-0.02785992062,-0.1398236368,-0.01836736786,45.17662794,0.0005897768316
24,-0.005693069909,-0.02958015096,0.01433606498,0.01356845369,6.996122266,0.0004193223699
25,-0.008293202206,-0.02747008308,0.01754394355,-0.009111333884,8.40639336,0.0003933429674
26,-0.01269837412,-0.02756670471,-0.0091198905,0.003230707451,-4.433546149,0.0004882615857
27,-0.003013666465,-0.02837750272,-0.008437128258,0.001618974733,4.350320937,0.0004543904832
28,-0.004057305688,-0.0285553912,0.002890493454,0.007354023107,-3.790504108,0.0005388586583
29,0.003714536145,-0.02885469038,0.04101985933,-0.04812910377,0.2525680376,0.0003997872801
30,-0.00879337936,-0.01262625487,0.01570229604,0.0708842564,-1.868390564,0.0003994841393
31,0.00982207239,-0.02949179939,0.006426761556,0.004849369182,2.365556283,0.000498191461
32,-0.009351432449,-0.02586896319,0.05684849365,0.03140763121,-4.127820894,0.0004834825779
33,0.009934305394,-0.0267757039,0.01270675501,-0.0007278017935,-9.444567646,0.0005693517761
34,0.01034437772,-0.02855321324,-0.02637411622,0.006616109304,-1.121772781,0.0005731723334
35,0.01328883015,-0.02613185509,-0.1376427123,-0.08087284386,6.955714921,0.00035172299
36,0.01354554794,-0.02522080613,0.0403732715,-0.004882035113,4.479343046,0.0004790380545
37,0.009507906894,-0.02759476014,-0.03319914627,-0.02937312278,-2.278334432,0.000359527037
38,0.001848009809,-0.005137003836,-0.1570964515,0.06271689294,-12.36065612,0.0003894741448
39,-0.005398467175,-0.02855846193,0.02273022736,0.01187990852,6.4714517,0.0005885866971
40,0.007310032853,-0.02679795527,-0.05214614518,-0.01603416639,5.157139079,0.0006344330786
41,-0.001518444472,-0.02949711605,-0.05680044084,0.009538871651,-0.8150222397,0.0005013257915
42,-0.01205500494,-0.02955451272,-0.002589836727,0.008414838168,0.7480853538,0.0004441024424
43,-0.001032762429,-0.02880158313,-0.01057097363,0.02159368922,-8.117888943,0.000346346206
44,0.007337281813,-0.02964361461,0.01411697537,-0.007213466393,11.20908601,0.0003553741876
45,0.007914361859,-0.02785505533,-0.01938346005,-0.00351600035,5.027438806,0.0005762615631
46,-0.006599431185,-0.02616651117,0.02817996075,-0.01311783818,-2.703625923,0.000635619546
47,0.01053380263,-0.02760775847,-0.023117787,0.01239153273,-10.66110932,0.0003914962861
48,0.01177096857,-0.02939504986,-0.01253763719,0.008723324536,8.66095882,0.0006051643184
49,-0.009703093948,-0.02963409557,0.021389996,-0.02445671783,14.05377721,0.0003638521019
50,-0.003563144858,-0.02646599689,-0.0094468753,-0.1088271832,-6.101076551,0.0006025195761
51,0.01324859303,-0.02843261729,-0.00628641306,-0.01298002484,-5.990100892,0.0006534345561
52,-0.007471654458,-0.02947977482,0.006128445418,0.009178204772,-2.484553687,0.0005179394929
53,0.01427173352,-0.02626135621,0.04780976917,-0.01391981906,-17.23567629,0.000495307239
54,-0.007830191387,-0.02839530217,-0.002022868095,-0.001671660083,-6.556042383,0.000619717291
55,-0.005001700564,-0.02632593386,-0.02431958161,0.0005984292706,1.701709666,0.0005884123668
56,0.01074606016,-0.02957803766,-0.0145463302,0.0009606079313,1.633364475,0.0004215861959
57,-0.007026617874,-0.02738590685,0.001353934228,-0.01964290501,-1.185415883,0.0006342565276
58,0.0001868496469,-0.02742491582,-0.06932948219,-0.04776897864,4.742936237,0.0005025427974
59,0.006534835164,-0.02954685075,-0.001137999935,-0.004996766331,-22.38571513,0.0004541485661
60,0.005142107257,-0.02753740176,-0.04975244698,-0.01935750973,-0.7983571211,0.0004350318227
61,0.002736780677,-0.02912495928,0.01529967578,-0.02032873206,2.641554303,0.0006105101912
62,0.01134982943,-0.02846124424,-0.0137300134,0.02159687345,-3.495650394,0.0004190033567
63,-0.01113127168,-0.02901619327,-0.009141196156,-0.01456582861,4.717323066,0.0006199224221
64,0.005474317245,-0.02932525727,-0.001919401068,-0.0252616275,1.860152724,0.0006294511871
65,0.004365592441,-0.02948064565,-0.05371879644,-0.07392972674,-5.815180906,0.0004723674961
66,-0.01045104219,-0.02658651426,0.001587527442,0.02384142437,3.448069494,0.000553723259
67,0.01411521242,-0.02941980531,-0.009136382038,0.009292556275,-1.056337471,0.000579805764
68,-0.004395954366,-0.02457131368,0.07196621863,-0.2720477045,41.09603874,0.0004454552579
69,-0.006014236264,-0.02780215594,0.006802880702,0.0164965236,-0.2604488417,0.000354753092
70,-0.004701653507,-0.02945589187,0.01125595745,-0.00125273583,-2.278441708,0.0005448597132
71,0.006881042814,-0.02850388218,-0.01813931741,0.02398401112,1.054603841,0.0006207526665
72,0.009466716333,-0.01725867867,-0.2617280562,-0.1709928787,-25.83766883,0.0003773578991
73,0.00765586778,-0.02469993624,0.04564588892,-0.2710030765,0.4517695325,0.0005393413398
74,-0.003556899635,-0.02761426093,0.07001565076,-0.05548821753,-0.1419116573,0.0004740877308
75,-0.01435365928,-0.02933057201,0.0003641993859,-0.01199229152,1.204828823,0.0006453493048
76,-0.003438961194,-0.01821700244,-0.1087089966,-0.1224923799,15.63696139,0.0004618855686
77,-0.00906505344,-0.02683811223,0.00216248732,0.001798751425,4.111487097,0.0004683985637
78,0.001688270227,-0.02949441334,-0.03443559334,-0.005676636299,-9.351592101,0.0004905653636
79,-0.009963342825,-0.02872460933,0.004761772055,-0.01458255038,2.995040034,0.0005821258001
80,0.001352370435,-0.02839625235,0.03127902323,0.03770388687,-1.779429837,0.0004353186792
81,-0.009765405705,-0.02747660556,-0.0574678346,-0.03107838351,0.67125611,0.0003893003497
82,-0.01076452731,-0.02778219849,-0.02637216205,-0.004398340292,-8.945278897,0.0006542344379
83,-0.003712354335,-0.02951920735,0.01228354641,-0.002093600845,4.27527593,0.0004417641048
84,-0.006525571512,-0.02958168706,0.01281223368,-0.00822217177,0.06458419609,0.0004128167615
85,-0.01310850556,-0.0294085382,0.008047165031,0.007825116859,1.637428074,0.0005901348345
86,0.01133138489,-0.02645099766,0.005656220519,-0.03645459457,-4.207421383,0.0006237260452
87,-0.006609190354,-0.02855885176,0.01397730126,0.0008622567896,-1.193813567,0.0005995399383
88,-0.008996105302,-0.02818564098,-0.008603347049,0.008766510917,2.762444997,0.0005231643897
89,-0.008721775214,-0.02934194789,0.007967939779,-0.002852763206,0.9282650158,0.0006605483829
90,-0.002025106888,-0.02858508778,0.02347647823,0.03179498321,6.314318111,0.0005252438848
91,0.008644846749,-0.02713387766,-0.01374742439,-0.01521297797,15.88044467,0.0004426305868
92,-0.01181280068,-0.02704834832,-0.02581489514,0.03095130079,0.07983483078,0.0004666350983
93,0.01445283488,-0.02832735781,-0.006641208634,-0.001892444783,-0.2601402958,0.0005443550974
94,-0.0117791543,-0.02789079197,-0.0287422329,0.02433392667,-19.2115168,0.0003666025357
95,0.01335561029,-0.02717286145,0.004644029424,-0.01659573486,3.279016686,0.0006090890268
96,0.005882069895,-0.02838772837,-0.008821628757,-0.001976618922,3.429869245,0.0003757293025
97,-0.002658492453,-0.02941634022,0.01745741055,0.02565337679,2.103867024,0.0005102192621
98,0.0004634719654,-0.02931305422,0.03692385901,-0.02215581435,2.296741249,0.0006354846938
99,-0.008088331056,-0.02656915904,-0.05627765705,0.02349371787,-10.95246751,0.0005101690446
