0,0.01276483911,-0.02951048607,-3.125547755e-05,4.333124533e-06,0.4507783114,0.0004896285199
1,0.01448776718,-0.02731142178,-6.810271906e-06,4.786541247e-06,-0.2380885756,0.0005122818571
2,-0.01433881195,-0.02804593385,-1.405873954e-06,-7.472228676e-05,9.080756599,0.0006613818599
3,0.00568580567,-0.02840567211,2.692181081e-05,9.315309845e-06,2.731914897,0.0005529695268
4,0.000384872156,-0.02737626484,2.754776469e-05,2.065392897e-06,4.703028461,0.0006557376444
5,0.01223503037,-0.02859396306,-3.677231331e-06,1.077836794e-05,-6.487189476,0.0003812102343
6,0.008789313967,-0.029553358,6.951521851e-05,2.86436335e-13,-1.25527332,0.0004466786265
7,0.01238269738,-0.02673272882,-1.357425752e-05,1.235038418e-05,0.6676468083,0.0003930580654
8,-0.008383189198,-0.02585346574,-6.007263452e-06,-5.829965404e-05,18.82681291,0.0005621936221
9,-0.0009775087248,-0.02794238921,4.003201909e-05,4.43413071e-06,5.323027145,0.0005554407998
10,-0.0004195123401,-0.02956891378,1.198937819e-05,1.884183992e-05,2.934380307,0.0004311394351
11,0.01230334241,-0.02766890224,-1.992801737e-05,1.889929263e-05,-1.11883595,0.0005465138425
12,-0.013232525,-0.02834203967,1.09158713e-05,2.401024056e-05,5.142862045,0.0004840383056
13,0.004364670676,-0.02765957955,2.439688244e-05,-1.281080428e-05,17.22061758,0.0004588686784
14,-0.01027449557,-0.02966079725,4.557807165e-05,3.798564167e-05,-1.126506259,0.0003392868218
15,-0.0006610012883,-0.02697105394,6.315662226e-06,-1.328927163e-05,-25.16732129,0.0004659542036
16,0.007776534869,-0.02942908409,2.782982106e-05,-1.2745771e-06,-7.729777453,0.0005710810561
17,-0.01226057336,-0.02860361887,-1.180293954e-06,-4.017274878e-07,4.587473894,0.0005225651648
18,-0.003488184862,-0.0267556061,7.861464406e-05,-2.63051064e-05,-8.365319261,0.0006230247637
19,-0.00445510209,-0.0277396709,1.628228967e-05,-2.145624806e-05,-0.0861934841,0.0006309839907
20,-0.01109956115,-0.0263804486,-5.292425496e-06,5.42906003e-06,-4.530873506,0.0005440759443
21,0.003848126226,-0.02851618552,3.269155284e-05,-3.707129536e-06,0.4858379564,0.0005414493795
22,0.009152466076,-0.02853206386,2.840916233e-05,4.413411998e-06,-5.628473523,0.0006326654082
23,0.001929175887,-0.02844542139,2.650710917e-05,-8.2567495e-06,48.38137862,0.0005897768316
24,-0.005552768559,-0.02958071209,4.622866756e-05,-2.08589168e-05,7.023207841,0.0004193223699
25,-0.008343825303,-0.02760096214,6.359836642e-06,-1.269300801e-06,9.104443931,0.0003933429674
26,-0.01268987895,-0.02753537003,-1.859481367e-05,1.354018482e-05,-4.450488383,0.0004882615857
27,-0.002816716636,-0.0286399774,1.885786537e-05,-5.877419994e-06,4.788643707,0.0004543904832
28,-0.003807217588,-0.02871354014,1.055048291e-05,-1.04326086e-05,-4.01139413,0.0005388586583
29,0.002916587958,-0.02838233262,3.104511294e-05,9.585664319e-07,-0.6134155083,0.0003997872801
30,-0.005281461872,-0.02605318538,9.832685826e-05,1.138343898e-06,9.831501753,0.0003994841393
31,0.009733405743,-0.02950207061,2.252392501e-05,4.389338031e-06,2.298861565,0.000498191461
32,-0.009321806004,-0.02631432971,-1.985982225e-05,-2.006169411e-05,-6.526830395,0.0004834825779
33,0.009501863374,-0.02698103027,3.009771133e-05,7.378462809e-06,-10.86516347,0.0005693517761
34,0.01035434043,-0.0286290731,2.728261938e-05,6.080658139e-06,-1.243808842,0.0005731723334
35,0.01301094368,-0.02633281075,-5.011112229e-06,1.397198294e-05,8.208670162,0.00035172299
36,0.01366140712,-0.02581609966,-6.705340217e-06,-1.075273802e-05,4.726757332,0.0004790380545
37,0.009861055305,-0.02783758116,2.563387182e-05,7.091098154e-06,-0.8145854759,0.000359527037
38,-0.01354851253,-0.02735335608,-3.423139438e-05,-3.186535978e-05,-15.83953493,0.0003894741448
39,-0.005328863536,-0.02859044528,1.867119117e-05,-3.563377339e-06,6.330896968,0.0005885866971
40,0.006429697397,-0.02748025654,3.32553882e-05,6.973409806e-06,5.295648716,0.0006344330786
41,-0.00134924676,-0.02949889523,8.537136753e-05,2.653938295e-05,-1.773853443,0.0005013257915
42,-0.01209693938,-0.02955619521,4.001270008e-05,-1.68141988e-05,0.615726455,0.0004441024424
43,-0.0007929759729,-0.02885933936,5.592551608e-05,-3.265139621e-05,-9.339495963,0.000346346206
44,0.006875580532,-0.02964488786,3.835022915e-05,-8.755880911e-08,11.51148786,0.0003553741876
45,0.007966638599,-0.02829769508,2.493303318e-05,1.533523453e-06,5.171042137,0.0005762615631
46,-0.006406107734,-0.02626982581,5.325979885e-05,1.477225697e-05,-3.92133924,0.000635619546
47,0.01084610769,-0.02779931403,2.981325258e-05,-3.509385953e-07,-10.7936629,0.0003914962861
48,0.01166000473,-0.02939511571,2.78689557e-05,-9.637105684e-06,8.811431625,0.0006051643184
49,-0.009571849933,-0.02963652874,5.869423369e-05,-1.003699867e-06,13.64064199,0.0003638521019
50,-0.002262727612,-0.02755171025,6.395923413e-05,4.09500747e-05,-8.672086436,0.0006025195761
51,0.01326347963,-0.02848199208,4.443687817e-06,-9.536077582e-06,-6.201897118,0.0006534345561
52,-0.00735754015,-0.0294821176,0.0001115468633,-2.428886623e-12,-2.688986576,0.0005179394929
53,0.01450472577,-0.02630404382,-7.610318744e-06,2.357678659e-06,-17.03660067,0.000495307239
54,-0.007722011919,-0.02840065853,8.637120563e-06,2.534819189e-05,-6.412320141,0.000619717291
55,-0.005444788876,-0.02702746026,4.085891763e-05,-1.030742015e-05,2.653223761,0.0005884123668
56,0.01064992549,-0.02957867703,2.356472083e-05,2.735193974e-06,1.746967887,0.0004215861959
57,-0.006935838706,-0.02742383991,4.465657343e-05,2.662222058e-06,-0.7362278124,0.0006342565276
58,-4.933678577e-05,-0.02845000858,4.148224148e-05,7.568549754e-06,4.294394728,0.0005025427974
59,0.006072136819,-0.0295458996,3.879443646e-05,-1.373293554e-06,-21.81708964,0.0004541485661
60,0.003356221553,-0.02767267624,2.363225646e-05,7.818067984e-06,-0.1838354974,0.0004350318227
61,0.00283836999,-0.0293895818,4.839482387e-05,-1.217460128e-05,3.483629418,0.0006105101912
62,0.01137849519,-0.02841043083,-1.510970674e-05,-1.101242164e-05,-3.889486726,0.0004190033567
63,-0.01110286667,-0.02917739661,1.475987767e-05,-6.574668397e-05,4.739536944,0.0006199224221
64,0.005002800822,-0.02937074458,2.784591198e-05,-1.594679705e-06,2.619271913,0.0006294511871
65,0.003912316492,-0.0295278319,4.381302782e-05,-8.271583659e-06,-5.129551419,0.0004723674961
66,-0.01015245581,-0.02693544997,-7.58714526e-06,-2.039582653e-05,3.79345305,0.000553723259
67,0.01406317224,-0.02942060056,1.583117879e-05,-5.725531801e-06,-0.9936092545,0.000579805764
68,-0.00155238476,-0.02678130723,2.582978335e-05,6.826620249e-05,49.86359009,0.0004454552579
69,-0.005910271629,-0.02784761809,2.537827449e-05,-1.046930657e-06,-0.1372851506,0.000354753092
70,-0.004596794457,-0.02945550686,3.272107461e-05,1.580607148e-05,-2.33469841,0.0005448597132
71,0.00682919928,-0.02867010357,2.311282904e-05,-1.585528914e-06,0.5198900672,0.0006207526665
72,0.001381480028,-0.02764834907,2.208708048e-05,-2.38829579e-06,-44.52953691,0.0003773578991
73,0.007580840968,-0.02725099239,3.561135546e-05,1.101268578e-05,-3.418502642,0.0005393413398
74,-0.003300850324,-0.02783648519,0.0001061289253,-1.366644361e-05,0.6335278376,0.0004740877308
75,-0.01435476036,-0.02935475102,-8.142092768e-06,1.302799202e-05,1.206730468,0.0006453493048
76,-0.004540764007,-0.02649286083,7.185702285e-05,-4.951972321e-05,15.95186604,0.0004618855686
77,-0.009175014689,-0.02725476664,-3.766690548e-06,-1.889340532e-05,4.922742832,0.0004683985637
78,0.001743928014,-0.02950963086,3.280695231e-05,-2.296036535e-05,-9.7446213,0.0004905653636
79,-0.009969106452,-0.0287783694,-5.107669795e-07,-1.73255054e-05,3.984086712,0.0005821258001
80,0.0009104468074,-0.0283322672,5.670783445e-05,-9.949798496e-07,-3.110499412,0.0004353186792
81,-0.009821494512,-0.0278183672,8.487227103e-06,-1.077386054e-06,-0.1571812319,0.0003893003497
82,-0.01086431163,-0.0279257898,-2.511483274e-05,-3.424665204e-05,-9.077988616,0.0006542344379
83,-0.003310054242,-0.02955849815,1.977412574e-05,-1.230731888e-05,3.682710094,0.0004417641048
84,-0.006384835329,-0.02958754009,5.971065936e-05,-1.983375678e-06,-0.413077785,0.0004128167615
85,-0.01312062951,-0.02941014525,1.94941262e-05,2.187366941e-06,1.550807062,0.0005901348345
86,0.01138741799,-0.02694057028,-1.19116076e-05,2.28000982e-05,-2.643605652,0.0006237260452
87,-0.006516850994,-0.02858416144,3.124107137e-05,3.738018243e-06,-0.8528124828,0.0005995399383
88,-0.009008274526,-0.02823213027,9.41587749e-06,-1.140423521e-05,2.991575662,0.0005231643897
89,-0.008591571393,-0.0293398892,5.146115665e-05,-2.82188793e-05,0.7542042802,0.0006605483829
90,-0.001837854874,-0.02859624107,3.537439574e-05,5.516642337e-06,7.877046525,0.0005252438848
91,0.008677197862,-0.0275675242,2.980365137e-05,2.597044856e-06,18.47609934,0.0004426305868
92,-0.01192096871,-0.02696926048,-1.826912616e-05,1.223908944e-05,0.4471881671,0.0004666350983
93,0.01445574921,-0.02836744376,-1.266642719e-05,2.724412421e-05,-0.2803147434,0.0005443550974
94,-0.01187745938,-0.02780132011,1.069849375e-06,-1.528388054e-05,-20.01643982,0.0003666025357
95,0.01336985263,-0.02722404933,-8.554694438e-06,-2.01003959e-05,3.650507063,0.0006090890268
96,0.004757280391,-0.02839603799,3.352324677e-05,-3.135887407e-06,2.880846253,0.0003757293025
97,-0.002360672187,-0.02948992544,2.719356942e-05,3.071726504e-05,1.682625004,0.0005102192621
98,0.0006273195002,-0.0293648367,4.517398844e-06,8.717488749e-06,1.971166049,0.0006354846938
99,-0.007903121433,-0.02681231097,4.198716542e-05,-2.278659894e-05,-12.27097557,0.0005101690446
