0,0.01276926613,-0.02951049892,0.0005323414588,-0.0002658818376,0.4465566964,0.0004896285199
1,0.01448780203,-0.02731273543,-0.0002233430057,-0.0002099518329,-0.2406476763,0.0005122818571
2,-0.0143394596,-0.02795190596,0.001239631577,0.006690559356,8.804869769,0.0006613818599
3,0.005819955977,-0.02804991598,-0.01303030891,-0.006748538187,2.638970396,0.0005529695268
4,-3.858382511e-05,-0.02732971822,-0.01211652208,0.003443389959,4.899881422,0.0006557376444
5,0.01223313287,-0.0285820542,-0.001403786998,-0.001809990195,-6.401499712,0.0003812102343
6,0.008796405993,-0.02955334282,-0.001733181096,-0.0004689983206,-1.282932309,0.0004466786265
7,0.01240569389,-0.02672312613,-0.002020915416,-0.002809906754,0.6374841977,0.0003930580654
8,-0.008611768667,-0.02544751049,0.009567831449,-0.001044484881,17.98415255,0.0005621936221
9,-0.001102805977,-0.02791404436,0.01919645796,-0.006464788315,5.606701885,0.0005554407998
10,-0.000510729714,-0.02956766498,0.01906997867,-0.001998213697,3.039827061,0.0004311394351
11,0.01229976611,-0.02765682954,-0.001387928621,-0.000518682047,-1.162028153,0.0005465138425
12,-0.01326537083,-0.02834522322,-2.890729671e-05,0.005475264328,5.050914508,0.0004840383056
13,0.003626814119,-0.02646415662,0.03175396116,0.04769161815,15.71910128,0.0004588686784
14,-0.01034658546,-0.02966081226,0.007410936868,0.001921250357,-0.9778474667,0.0003392868218
15,-0.001277885848,-0.02688304188,0.0036505723,0.01492102538,-24.71695776,0.0004659542036
16,0.007781277239,-0.02942824928,9.978950549e-05,0.008065260833,-7.764638217,0.0005710810561
17,-0.0122954879,-0.02861225428,0.002362547859,0.007616772248,4.401422548,0.0005225651648
18,-0.004663697894,-0.02614351492,-0.02540882199,-0.06536854265,-6.562772745,0.0006230247637
19,-0.004574058128,-0.02769496101,-0.008465294692,0.01003011746,0.1521627947,0.0006309839907
20,-0.01104226661,-0.02638432019,-0.004278433687,-0.00420524958,-4.334948516,0.0005440759443
21,0.003999950552,-0.02851279999,-0.00341374876,0.0009210740584,0.3267937739,0.0005414493795
22,0.009158588801,-0.02853559366,-0.00280340741,-0.005703389668,-5.608875458,0.0006326654082
23,0.001953210406,-0.02845870777,-0.00871119219,-0.02893153832,48.13348821,0.0005897768316
24,-0.005633088478,-0.02957975352,0.01192191615,0.0007584221686,7.09618736,0.0004193223699
25,-0.008265473155,-0.02747722918,0.004808029304,0.01610823062,9.48243299,0.0003933429674
26,-0.01266430325,-0.02758164553,0.004455326272,0.02075633103,-4.534600723,0.0004882615857
27,-0.002928368819,-0.02862159386,-0.006128265192,0.006063856702,4.606527079,0.0004543904832
28,-0.003921635119,-0.02866680169,-0.006719202122,-0.006873656118,-4.021588285,0.0005388586583
29,0.003064511977,-0.02832002048,0.003254413748,0.009799672597,-0.5055779711,0.0003997872801
30,-0.008165287519,-0.01763888461,0.01570229604,-0.3215157436,13.13938509,0.0003994841393
31,0.009745960525,-0.02950212199,-0.0007054122467,-0.0002896870234,2.273243682,0.000498191461
32,-0.009286307784,-0.0262514112,0.01471556003,-0.01734193796,-4.929198354,0.0004834825779
33,0.009591030925,-0.0269512031,0.001604945059,-0.006103178757,-10.93531483,0.0005693517761
34,0.01036712382,-0.02862950854,-0.002879406221,0.0009920997551,-1.219666237,0.0005731723334
35,0.01303331493,-0.02632182911,-0.002453592548,-0.0007534402248,8.194201451,0.00035172299
36,0.01364917227,-0.02576413237,-0.0007154243667,-0.003522182534,4.609947614,0.0004790380545
37,0.009880204923,-0.02783377822,-0.006932340333,-0.006061799668,-0.9681170271,0.000359527037
38,-0.004435848252,-0.01047632812,-0.1570964515,-0.3296831071,-24.3632804,0.0003894741448
39,-0.005402370806,-0.02859275084,0.002966322837,-0.0007135185226,6.183689098,0.0005885866971
40,0.007121397503,-0.02740948552,-0.04731802639,-0.03112350886,4.469433034,0.0006344330786
41,-0.001458018016,-0.02949996687,-0.01872740537,-0.01916921095,-1.581195509,0.0005013257915
42,-0.01209216762,-0.02955650156,0.00673614649,0.003025579701,0.7130816427,0.0004441024424
43,-0.0009647897734,-0.02880799947,-0.01254348148,-0.0295387726,-9.367873896,0.000346346206
44,0.006880197829,-0.02964458045,0.003758780863,0.003815640453,11.56003162,0.0003553741876
45,0.007964895317,-0.02828894038,-0.009811777068,-0.007200158319,5.150964305,0.0005762615631
46,-0.006402499478,-0.02608055125,-0.01717504528,0.00107451133,-3.321147126,0.000635619546
47,0.01086539279,-0.02780401069,-0.003799554301,-0.00303162507,-10.83172783,0.0003914962861
48,0.01167522627,-0.02939527607,-0.00059349507,-0.001363811927,8.78699594,0.0006051643184
49,-0.009615808259,-0.02963664611,0.0006233417249,0.002037548824,13.78020523,0.0003638521019
50,-0.002400187793,-0.02745817828,-0.009320507568,0.01796590696,-7.713535574,0.0006025195761
51,0.01326268598,-0.02847952291,-7.200303197e-05,-0.0004047210447,-6.20169091,0.0006534345561
52,-0.007447836875,-0.02947074237,-0.008676011918,-0.006180707227,-2.642527335,0.0005179394929
53,0.01445915191,-0.02630564125,0.00141960771,-0.0001263844053,-16.94072642,0.000495307239
54,-0.007793503606,-0.02837575551,0.005920290524,-0.001349209258,-6.425334046,0.000619717291
55,-0.005575087413,-0.02699210895,-0.001935985102,-0.001173449396,2.257938977,0.0005884123668
56,0.01066456717,-0.02957845317,4.355741639e-05,-0.0005827951231,1.703800662,0.0004215861959
57,-0.006930302205,-0.02736596363,-0.007203283055,-0.007763155195,-0.8750974642,0.0006342565276
58,-0.0001711138966,-0.02848742218,-0.001392164451,0.003005718864,4.411318395,0.0005025427974
59,0.006075708026,-0.02954537621,2.860132049e-06,-0.00601103748,-21.84647453,0.0004541485661
60,0.00360804476,-0.02748987363,0.0001468329749,0.02486611711,-1.441547911,0.0004350318227
61,0.002780546027,-0.02938553969,0.004205122331,0.004039577635,3.514694364,0.0006105101912
62,0.01140709196,-0.02840683519,-0.002210895835,-0.002032359063,-3.882721359,0.0004190033567
63,-0.01112866316,-0.0291057782,0.001275974336,0.001594361259,4.691740008,0.0006199224221
64,0.005005991044,-0.0293676729,-0.004137217383,-0.002887627473,2.596818696,0.0006294511871
65,0.003888559061,-0.02952238404,-0.01890214908,-0.02750815448,-5.172699289,0.0004723674961
66,-0.01008159002,-0.02691755433,0.003544101523,0.006899079008,3.283421638,0.000553723259
67,0.01405949716,-0.02942059718,0.0002954718118,0.0003555764001,-0.9941810013,0.000579805764
68,-0.00326834704,-0.02640228061,0.1426691162,-0.0719571862,50.03206315,0.0004454552579
69,-0.005980115009,-0.02784514576,-0.009025271421,0.006139982598,0.5103921005,0.000354753092
70,-0.004664497313,-0.02945568494,-0.001188397021,0.003776230512,-2.195059066,0.0005448597132
71,0.006817742478,-0.0286702966,-5.982194995e-05,0.00915105916,0.4703291011,0.0006207526665
72,0.002776072691,-0.02670995313,-0.04435641162,0.1182144039,-33.26445133,0.0003773578991
73,0.008333542202,-0.02664391677,-0.02503043046,-0.009324399861,-4.300868175,0.0005393413398
74,-0.003471277232,-0.02775124052,-0.003044768467,0.02085176095,0.6709961947,0.0004740877308
75,-0.01435432553,-0.02935459797,-0.006854485982,0.0008538002433,1.201614449,0.0006453493048
76,-0.006238886935,-0.02353500899,0.01265254582,0.0677241178,14.52440969,0.0004618855686
77,-0.009099332272,-0.02721401373,0.01797722758,0.001059344231,4.51941098,0.0004683985637
78,0.001683118721,-0.02950928312,0.009726414548,0.008445258679,-9.755076452,0.0004905653636
79,-0.00996820051,-0.02875916299,0.0001235316395,0.005971942319,3.445974974,0.0005821258001
80,0.0007480862965,-0.02825924575,0.02948092461,-0.01857045528,-2.984844138,0.0004353186792
81,-0.009760104209,-0.02780956543,0.007461041792,-0.001291200974,0.3313968881,0.0003893003497
82,-0.01082552965,-0.02786852239,-0.003113211578,0.01104344857,-9.015610106,0.0006542344379
83,-0.003490265117,-0.02955715156,0.004866829654,-0.005422084828,4.039395889,0.0004417641048
84,-0.006484227045,-0.02958764952,0.004269492736,-0.0005143795702,-0.1686888854,0.0004128167615
85,-0.01312004982,-0.02940961355,-0.0001161156811,0.006761296337,1.595612126,0.0005901348345
86,0.01138204656,-0.02693067465,-0.002536421488,-0.0003169057989,-2.591177068,0.0006237260452
87,-0.006591570212,-0.02857811692,0.002207801325,-0.005429486854,-1.004409419,0.0005995399383
88,-0.008931237312,-0.02819318309,0.00198690165,0.001140506983,2.883202668,0.0005231643897
89,-0.008635657268,-0.02933967789,0.0005903542319,0.0005958216132,0.8185024954,0.0006605483829
90,-0.00194810591,-0.02859162551,0.00667187551,0.004655696172,7.578320025,0.0005252438848
91,0.00870266958,-0.02756100954,-0.00220724279,0.007947387707,18.29921089,0.0004426305868
92,-0.01183503589,-0.0270120243,-0.001405653314,0.01094411103,0.2682103429,0.0004666350983
93,0.01445569824,-0.02836877016,0.0001642931939,-0.0003556287882,-0.2796982301,0.0005443550974
94,-0.01184765347,-0.02784469567,-0.00275764524,0.0002887280948,-19.37505239,0.0003666025357
95,0.01337014673,-0.02722160462,-0.0003293549576,-0.0002664141976,3.654848346,0.0006090890268
96,0.004919266774,-0.02834788146,-0.006912549352,-0.01022497249,2.773072126,0.0003757293025
97,-0.002492761676,-0.02949015997,0.006800589277,-0.001843647235,1.914435061,0.0005102192621
98,0.0005593477754,-0.02936484708,-0.001020610652,-0.001457783009,2.052898485,0.0006354846938
99,-0.008154025127,-0.02656823697,-0.00684060883,-0.01275757929,-11.81787726,0.0005101690446
