0,0.01307583485,-0.02949938201,0.02879741575,-0.0043942196,-0.2099309239,0.0004896285199
1,0.01443607693,-0.0267043937,-0.006467106438,0.004834481769,-0.3630330325,0.0005122818571
2,-0.01417492604,-0.02748796159,-0.03283008251,-0.105105051,7.785311931,0.0006613818599
3,0.007052763013,-0.02724313838,-0.02598793183,-0.04823355326,0.9059350086,0.0005529695268
4,0.004207843382,-0.02743592262,-0.1248429428,-0.02603055519,0.8168103802,0.0006557376444
5,0.01245980783,-0.02758353251,-0.07277878035,-0.0614783434,-7.155221015,0.0003812102343
6,0.009119012279,-0.02954672492,-0.01059980149,0.01001079992,-2.605488747,0.0004466786265
7,0.01256512047,-0.02634327277,0.0003362464153,0.003789799864,-0.8619342783,0.0003930580654
8,-0.007930761897,-0.02311878475,-0.01400774547,-0.08025429472,10.53637449,0.0005621936221
9,-0.001139395744,-0.02684291847,-0.04513681045,-0.07354714281,6.796538704,0.0005554407998
10,-0.0007709999934,-0.02953146788,-0.02965114879,-0.06741131495,3.10719726,0.0004311394351
11,0.01177482434,-0.02683885776,0.05545990851,-0.02586510423,0.1330544776,0.0005465138425
12,-0.01332994557,-0.02833552079,-0.00729541792,0.001651457043,5.206564917,0.0004840383056
13,0.001800451632,-0.02043229661,0.100173055,-0.08267908049,7.995182421,0.0004588686784
14,-0.01055619363,-0.02964560528,0.03192026734,0.03393458319,-0.6262853452,0.0003392868218
15,0.002195921973,-0.02506848401,0.1522187895,-0.2540605341,-16.91129088,0.0004659542036
16,0.008384590836,-0.02884273594,0.000727734636,0.01011511028,-6.723065114,0.0005710810561
17,-0.01232064092,-0.02845212414,-0.03687165011,-0.007230131106,3.435497309,0.0005225651648
18,-0.005842427567,-0.02512972291,-0.1324671357,-0.04185668556,-4.947930038,0.0006230247637
19,-0.004656184214,-0.02734346021,0.03711447265,0.01506122462,0.9263705348,0.0006309839907
20,-0.01041045851,-0.02361010486,0.05648760353,-0.04043968539,-3.74590452,0.0005440759443
21,0.005277815209,-0.0281672645,-0.110834725,-0.03387187748,0.4547533783,0.0005414493795
22,0.009546513554,-0.02833584771,-0.03352874713,0.01824865142,-3.794030702,0.0006326654082
23,0.005152840509,-0.02620999268,-0.0865540535,-0.0098704089,40.02883164,0.0005897768316
24,-0.005716640572,-0.02953310254,0.001119123401,-0.0102605291,7.270475402,0.0004193223699
25,-0.0082657578,-0.02733433338,0.007895102729,-0.1550668567,7.715567571,0.0003933429674
26,-0.01260434822,-0.02719689442,-0.08011557565,-0.1406471177,-4.373171979,0.0004882615857
27,-0.003546380035,-0.0276953537,0.05485938152,-0.007117395084,7.357026349,0.0004543904832
28,-0.004041675094,-0.02857371233,-0.04156730264,0.04554301026,-4.62963715,0.0005388586583
29,0.004333026209,-0.02851102562,0.03580752924,-0.04953834512,-0.6976826122,0.0003997872801
30,-0.009107425281,-0.01600594,0.01570229604,0.2670842564,-9.37227839,0.0003994841393
31,0.01004943318,-0.0293823148,0.01320477845,0.004628149945,2.34572983,0.000498191461
32,-0.009277134843,-0.02382132666,-0.04157330309,-0.0752879876,-4.546127702,0.0004834825779
33,0.008429865797,-0.02520422138,0.06115428885,-0.0842383202,-6.267388696,0.0005693517761
34,0.01086038204,-0.02852741527,-0.0722415047,0.03613765809,-1.774698911,0.0005731723334
35,0.01286109094,-0.0255643141,0.1612351727,-0.1095612215,6.129783872,0.00035172299
36,0.01276290694,-0.02464536622,0.08045161639,-0.03078546528,3.515845403,0.0004790380545
37,0.0103432379,-0.02763786003,-0.02590881497,-0.1641303245,-2.802090406,0.000359527037
38,0.004989938839,-0.008353341695,-0.1570964515,0.2589168929,-6.359343979,0.0003894741448
39,-0.00556008755,-0.0283833462,-0.03082150578,0.028188037,6.508154745,0.0005885866971
40,0.008111913425,-0.02654899679,0.03512778627,-0.08128504717,5.860058102,0.0006344330786
41,-0.001852900473,-0.02918516427,-0.06954438141,0.0589545973,-0.8571892125,0.0005013257915
42,-0.01208172683,-0.02955625258,-0.05322939581,-0.04860916356,0.8732365355,0.0004441024424
43,-0.001017869317,-0.02870445192,0.01868882067,-0.2467598383,-11.43591481,0.000346346206
44,0.007913984342,-0.02964062655,-0.02883641478,0.01260321039,10.09641582,0.0003553741876
45,0.008493206821,-0.02770259486,-0.07427886646,0.02966454527,3.850137954,0.0005762615631
46,-0.00659234462,-0.02617241768,-0.02523951719,-0.001209347523,-3.358429125,0.000635619546
47,0.01142509036,-0.02773226136,-0.02980355662,0.01389252305,-10.04908353,0.0003914962861
48,0.01197087053,-0.02938686938,0.004043968697,-0.01648605747,8.437030382,0.0006051643184
49,-0.009783188484,-0.02963741618,-0.02074714414,0.04407776797,14.23274912,0.0003638521019
50,-0.003198942298,-0.0253331981,-0.04409489301,-0.03111276195,-3.334771765,0.0006025195761
51,0.01340754685,-0.0283952313,-0.01650993956,0.01033159501,-5.54032697,0.0006534345561
52,-0.007491710986,-0.02943586395,-0.01327573336,0.02453225012,-2.31257491,0.0005179394929
53,0.01403248974,-0.0255314853,0.07062273298,-0.2029928689,-16.41177375,0.000495307239
54,-0.007943991241,-0.02836709221,-0.02727581227,-0.01120313987,-6.665476065,0.000619717291
55,-0.004682709672,-0.02602245433,-0.0138256924,0.05720635751,0.4891919557,0.0005884123668
56,0.01095891479,-0.02957508163,0.0001829969332,-0.009075707592,1.188777728,0.0004215861959
57,-0.007182676591,-0.02734159477,-0.01220187633,0.03046599312,-1.06426371,0.0006342565276
58,0.001234529971,-0.02742230572,-0.05910735621,-0.04513880037,4.225990684,0.0005025427974
59,0.007005241603,-0.02952922093,-0.0130956293,0.004351309661,-22.73551932,0.0004541485661
60,0.006014642988,-0.02744155637,-0.02739588533,0.03331468451,-0.6737939415,0.0004350318227
61,0.003258151697,-0.0286916537,-0.00334378345,-0.08948070917,0.6196833005,0.0006105101912
62,0.01193253011,-0.0283638396,-0.03746252577,-0.008896137441,-4.065085526,0.0004190033567
63,-0.01122896769,-0.02891467114,0.009033234507,-0.05809778581,4.696280935,0.0006199224221
64,0.005665565991,-0.02933681061,-0.05863150704,0.002818690317,1.124787841,0.0006294511871
65,0.004230521657,-0.02948122918,0.004964955613,0.1230452713,-5.447462123,0.0004723674961
66,-0.009898823246,-0.02554210736,-0.03778086688,-0.1287222473,1.67946752,0.000553723259
67,0.01422007622,-0.02941277944,-0.003554368155,-0.01895119989,-1.164642414,0.000579805764
68,-0.005835278739,-0.02109235959,0.07196621863,-0.0758477045,34.45195617,0.0004454552579
69,-0.006226350603,-0.0276562601,0.0005717279894,0.01025104931,-1.018944639,0.000354753092
70,-0.004740166082,-0.02940151338,-0.04354576155,0.005389751424,-2.080188548,0.0005448597132
71,0.007256550153,-0.02845352174,-0.0471013656,-0.04199674388,0.7343838181,0.0006207526665
72,0.01457869623,-0.01579407,0.2903143881,-0.01471631888,-24.62048292,0.0003773578991
73,0.006742950002,-0.02124187471,0.04564588892,-0.07480307652,1.859153173,0.0005393413398
74,-0.003701752085,-0.02656348088,-0.008548757767,-0.004800364805,-3.892144265,0.0004740877308
75,-0.01434349262,-0.02929182752,-0.008732433604,0.02627664437,1.359197909,0.0006453493048
76,-0.001264781262,-0.01772915484,-0.1087089966,0.0737076201,16.74759028,0.0004618855686
77,-0.008415876234,-0.02639688729,0.03569420099,-0.0158931424,4.479698542,0.0004683985637
78,0.002122181602,-0.02929065204,0.0009403709436,0.05495103802,-9.384379246,0.0004905653636
79,-0.01002476502,-0.0287175339,0.03537109136,0.003847144239,2.752413779,0.0005821258001
80,0.001228810908,-0.0283606895,-0.09251656669,-0.1929949144,-3.609084774,0.0004353186792
81,-0.009137073687,-0.02714170721,-0.06735557062,0.05926104423,0.5305382724,0.0003893003497
82,-0.01021432976,-0.02748900852,-0.04526435563,-0.004205822721,-9.334018884,0.0006542344379
83,-0.00347037834,-0.02953931707,0.03333298977,-0.05442205745,4.34872153,0.0004417641048
84,-0.006558239511,-0.02957508378,-0.05597080939,0.003027126876,0.4321445873,0.0004128167615
85,-0.013105155,-0.02938457297,-0.001753342496,-0.0232028364,1.598162415,0.0005901348345
86,0.01164197268,-0.02567121336,0.0006233514032,-0.05082752704,-4.79227152,0.0006237260452
87,-0.006732490278,-0.028566968,-0.04064174741,-0.004306383872,-1.272507525,0.0005995399383
88,-0.009097942563,-0.02805729793,-0.05273480527,-0.0007508097391,3.212456006,0.0005231643897
89,-0.008811857207,-0.02930875342,-0.009590697348,-0.001190083842,0.9902834818,0.0006605483829
90,-0.00198391295,-0.02816293759,-0.004673283984,-0.04297836265,5.499681693,0.0005252438848
91,0.009968693805,-0.02676012971,-0.06871463853,-0.06496890063,14.3532834,0.0004426305868
92,-0.01184824079,-0.02642943325,0.02176388902,0.009117668939,-0.5681703691,0.0004666350983
93,0.0144457925,-0.02777060161,-0.00614019072,0.001216118977,-0.4020143502,0.0005443550974
94,-0.01171062006,-0.02764806693,-0.04350470208,-0.05237671868,-19.4763785,0.0003666025357
95,0.01334938926,-0.02712556252,0.0008573723793,0.03004657921,2.988379094,0.0006090890268
96,0.006241367823,-0.0284856047,-0.05073079763,0.06592540086,3.171735914,0.0003757293025
97,-0.002827780713,-0.02884112789,0.01349587689,-0.05326727947,1.898692224,0.0005102192621
98,0.0005207483599,-0.02925296464,0.02610442692,0.03906046412,2.054487245,0.0006354846938
99,-0.0075674946,-0.02552234679,-0.0564879108,-0.02927142703,-10.62569356,0.0005101690446
