0,0.01218141825,-0.02711342091,-0.003447320568,0.001863498702,13.99616812,0.0005
1,-0.005975607889,-0.02776353964,-0.006014584138,-0.004524255064,7.014054929,0.0005
2,0.001668877272,-0.02777791802,4.957454266e-05,-0.003233944342,0.2542395875,0.0005
3,-0.00338373306,-0.02869911653,-0.004382440613,-0.005760063247,5.357502231,0.0005
4,0.01079688251,-0.02950030527,-0.00110053793,0.001776669357,-2.901568492,0.0005
5,-0.001697862411,-0.029500428,0.001382609382,0.002798837248,-1.755428597,0.0005
6,-0.01000668186,-0.02950003194,-1.343561507e-05,-0.0002850076617,3.27915684,0.0005
7,0.001685367823,-0.0295003226,0.0006062077802,0.003785914533,6.05418976,0.0005
8,-0.003981180371,-0.02950057035,0.0003789441675,0.0007606025404,1.041655326,0.0005
9,0.01267299633,-0.02901708985,0.001794112225,0.0009015068571,-12.81555582,0.0005
10,0.00322491068,-0.02864682316,-0.001039701284,0.001429985501,-10.61854885,0.0005
11,-0.009000890773,-0.02777156078,0.005422461919,-0.00281877855,5.044672883,0.0005
12,-0.001571676052,-0.02791897318,0.001145206019,-0.004954447551,-11.68279892,0.0005
13,-0.01450011009,-0.02827096265,0.0003246800414,-0.0012562131,12.46461826,0.0005
14,0.01449792975,-0.02819317421,-0.0002531913031,-0.01119280803,-1.154877959,0.0005
15,-0.0007295869413,-0.02633555611,-0.02413555109,-0.05890262455,-19.40538408,0.0005
16,0.00577316639,-0.02950028735,-0.001175406149,-0.0001676378805,-3.342109538,0.0005
17,0.002704240155,-0.02950032376,-4.880476314e-05,-0.001356680644,-10.84443786,0.0005
18,-0.002175054251,-0.02711458103,0.003381363469,-0.006946636876,-5.663830134,0.0005
19,-0.004482072559,-0.02863539666,-0.0001797484265,-0.001187965553,14.53879072,0.0005
20,0.01450026035,-0.029193823,0.002817751059,-0.005362431007,-2.062259608,0.0005
21,-0.0003552721429,-0.02950026453,-0.0007471031432,-0.002771836507,-7.954806601,0.0005
22,0.003728369468,-0.02777848942,0.0005584215501,0.003940249497,1.906520734,0.0005
23,-0.007997902467,-0.02774398227,-0.010408309,-0.01445667509,4.31132741,0.0005
24,0.004760714162,-0.02777526206,-0.005734766011,-0.004853948615,0.4540562306,0.0005
25,0.007795090635,-0.02950022254,-0.001457708165,8.102908248e-05,-1.851540965,0.0005
26,0.005259229332,-0.02864233311,0.0003726122387,-0.0004702279068,3.979829417,0.0005
27,0.002011754952,-0.02683830383,0.002514946505,-0.005084048536,-26.00742452,0.0005
28,-0.003883272567,-0.02783190723,-0.0005802295922,-0.001037274807,7.322746744,0.0005
29,0.0001487723726,-0.02863696965,0.0002628053037,0.003664591351,9.826726212,0.0005
30,-0.002785227273,-0.02950034038,-0.002056065634,-0.001217729045,-4.267379114,0.0005
31,0.01339964774,-0.0266546366,-0.02177894191,0.01088478414,-16.14689029,0.0005
32,0.007789940181,-0.02777167984,-0.001154386331,0.0001860649949,-0.5218908927,0.0005
33,0.008295434298,-0.02863453626,-0.001658538612,-0.0005922584712,7.15084711,0.0005
34,0.01305052586,-0.02761610437,-0.009355223702,-0.006873825881,-24.88630421,0.0005
35,0.01219019634,-0.02814145929,-0.002255864212,0.002697857065,17.65809143,0.0005
36,-0.002241674908,-0.02866097352,-0.002534990919,-0.0001744976015,5.844370997,0.0005
37,-0.01250721694,-0.02863418929,0.001852810461,0.0002263240009,0.1908619428,0.0005
38,-0.00935210891,-0.02682759495,0.03097299977,-0.005630612422,-12.7190783,0.0005
39,0.00929600215,-0.02863454109,0.000191229218,-0.0008128970169,-1.134098973,0.0005
40,0.002193200715,-0.02863899882,-0.0003745708428,0.005081004536,8.257395666,0.0005
41,-0.001026761335,-0.02875927478,0.002957219536,-0.001756881042,14.53627688,0.0005
42,0.01429591598,-0.02720556858,-0.01380342649,-0.01196779498,40.31471881,0.0005
43,0.006278434586,-0.028637395,-0.0007593026532,-6.739431496e-06,0.3589617548,0.0005
44,-0.009504550368,-0.02863533468,0.001661363092,0.0003443044048,1.208850419,0.0005
45,-0.005987124816,-0.02949953997,0.002511353355,-0.006520312129,6.646874563,0.0005
46,-0.01002697454,-0.02775668734,0.002932473215,-0.002540128495,1.476809931,0.0005
47,0.002722217209,-0.02778253818,-0.002054917461,0.001460913544,37.38704493,0.0005
48,0.006784169277,-0.02777487927,-0.0001246044844,-0.0006441864674,-3.615393661,0.0005
49,-0.01050681756,-0.02863395605,-0.0008743587629,-0.000314401207,0.9286209663,0.0005
50,-0.0120075543,-0.0295001717,0.0009368724421,-0.0006620452501,-3.624543651,0.0005
51,-0.007497276172,-0.0286305548,0.0007410023612,-0.004127209305,-4.530445962,0.0005
52,-0.006208706037,-0.02677509863,-0.05079514856,-0.009869192665,-14.73139332,0.0005
53,4.907417321e-05,-0.02699093903,-0.009696608539,-0.009277505523,-1.356957992,0.0005
54,-0.006486569415,-0.02863356058,0.0002751834324,-0.002087829115,-5.720326289,0.0005
55,0.008795466014,-0.02776863756,-0.0001493247022,-0.0001086415689,-14.31889337,0.0005
56,0.01354837831,-0.02950024745,-9.237617776e-06,-0.0004354095103,9.435029871,0.0005
57,-0.002840682584,-0.02786034087,-0.00451110106,-0.006123343381,-4.691925579,0.0005
58,0.00374576147,-0.02950050973,-0.0007908133574,0.004506369542,4.39260794,0.0005
59,0.01050643633,-0.02706526791,-0.004746106704,0.003529898886,5.005045041,0.0005
60,0.009295344788,-0.02690259215,0.001552527053,-5.947857151e-05,-8.332366963,0.0005
61,0.006270401405,-0.02691690327,0.0003840074476,-0.0002113817436,12.50478076,0.0005
62,-0.004971454453,-0.02776301101,-0.00185549146,-0.002599131353,12.23907874,0.0005
63,0.001168942208,-0.02864385273,0.001487789438,-0.003295667142,-1.568101022,0.0005
64,-0.008498142285,-0.02863565713,0.004067728658,-0.005935298622,3.48376778,0.0005
65,0.005234248543,-0.0268945878,-0.002190216614,-0.002891045864,-3.903450643,0.0005
66,-0.01359145021,-0.02868836847,6.572244661e-05,-0.0009512706304,-7.376558557,0.0005
67,0.01179751749,-0.02950038906,-0.002566585555,0.003606235751,3.39612898,0.0005
68,-0.00799406448,-0.02950021094,0.002079655605,0.001948299237,-15.64144826,0.0005
69,-0.005485033344,-0.02863482468,-0.002696115639,0.001048618802,-8.459896195,0.0005
70,0.01029664875,-0.02863446821,-0.001685813663,0.0005422203054,-8.739509381,0.0005
71,-0.01268619167,-0.02765038347,-0.002799236277,-0.001547788521,-13.57083306,0.0005
72,-0.003308819851,-0.02697531992,-0.003718799234,0.0004124312778,26.23793428,0.0005
73,0.009795767282,-0.02776853766,0.0003397471573,-6.125516545e-05,-7.366406303,0.0005
74,0.003026122152,-0.02682950491,0.003965129079,-0.009915069198,13.66110819,0.0005
75,-0.006985143607,-0.02776317072,-0.007791116533,-0.0118820769,-12.08659586,0.0005
76,0.01353920769,-0.02849958116,-0.002048107047,0.003053347511,7.873023609,0.0005
77,-0.004984130858,-0.02950012602,0.003887304985,0.000378473665,-2.08943948,0.0005
78,0.007591736064,-0.02595729813,0.006893582478,-0.002952441857,0.4844513218,0.0005
79,0.01129707011,-0.02863444725,-0.001126010449,0.001615753666,4.567264358,0.0005
80,-0.006989618016,-0.02949821868,0.003946293703,-0.001569069197,-2.689215883,0.0005
81,0.0006644266279,-0.02778037053,-0.003667122601,0.0002673219619,-27.42598524,0.0005
82,-0.009002643888,-0.02950006529,0.0001252898345,0.0004963912744,4.029234291,0.0005
83,0.002854670711,-0.02583439971,0.01743190676,-0.007528144676,-43.62446794,0.0005
84,0.006783916427,-0.02950016458,-0.0010865755,-3.15184547e-05,-0.4645804408,0.0005
85,0.004246974662,-0.02863343602,-0.001299002869,-0.0001570977502,1.146839634,0.0005
86,0.008795665023,-0.02950034247,-0.001793800056,-0.0003714163976,2.019716646,0.0005
87,0.005764583762,-0.02777946356,-0.0005834089295,0.0007019898507,1.00630087,0.0005
88,-0.000527834835,-0.02789222338,-0.001922111013,0.002160720954,-0.3565416882,0.0005
89,0.008290062559,-0.02690558488,-0.001253002595,-0.0007717317809,-1.712262074,0.0005
90,0.009796384067,-0.02950025161,-0.00159469525,-0.001359942907,-9.852043213,0.0005
91,-0.0130075133,-0.02950010903,0.000498510783,2.665386122e-05,-2.795483679,0.0005
92,0.007289649414,-0.02863751909,-0.00199754786,0.0009054605986,2.874145054,0.0005
93,-0.01432470403,-0.02949163361,0.00238806457,0.01237239145,-1.86651572,0.0005
94,-0.01100664821,-0.02950017899,0.0008423927497,-0.001632748206,-7.576664021,0.0005
95,-0.01150686687,-0.0286344588,0.002848305561,0.001515482785,-2.364993395,0.0005
96,0.0006529039536,-0.0295003031,0.002663435747,-0.002529579027,-3.051295133,0.0005
97,0.004745597368,-0.02950018414,0.001318920153,0.002220076599,-2.06243865,0.0005
98,0.00728358582,-0.02690865988,0.0002968132461,-0.0009771240793,3.712619792,0.0005
99,0.01132797405,-0.02763490274,-0.002451695065,7.833363483e-08,9.957039549,0.0005
