0,0.01282306379,-0.02918450086,0.08235331225,0.06614802449,-1.705249584,0.0004896285199
1,0.01446676521,-0.008127230807,0,-0.3924,0,0.0005122818571
2,-0.009213828932,0.01459939865,0,-0.3924,0,0.0006613818599
3,0.01145517716,0.009165657924,0,-0.3924,0,0.0005529695268
4,0.004130459587,0.01301307367,0,-0.3924,0,0.0006557376444
5,0.009611858165,-0.02569650686,-0.1190000737,0.05687833386,2.694777339,0.0003812102343
6,0.009944420665,-0.02901982241,0.04398122224,-0.1271577887,0.7506476187,0.0004466786265
7,0.01340692568,-0.005212425247,0,-0.3924,0,0.0003930580654
8,-0.004312800065,-0.02158637339,0,-0.3924,0,0.0005621936221
9,0.003398959803,0.01554747822,0,-0.3924,0,0.0005554407998
10,-0.0009829954115,-0.02691131331,0,-0.3924,0,0.0004311394351
11,0.01286457163,-0.001748837965,0,-0.3924,0,0.0005465138425
12,-0.01173114226,-0.02543081568,0,-0.3924,0,0.0004840383056
13,0.01104159562,-0.00080241386,0,-0.3924,0,0.0004588686784
14,-0.005568444362,-0.0221573161,0,-0.3924,0,0.0003392868218
15,-0.0107412101,-0.01528109196,0,-0.3924,0,0.0004659542036
16,0.00219027987,-0.02698403874,0,-0.3924,0,0.0005710810561
17,-0.007880072967,-0.02386321969,0,-0.3924,0,0.0005225651648
18,-0.00242049163,0.01156809938,0,-0.3924,0,0.0006230247637
19,0.004008041396,-0.01084688337,0,-0.3924,0,0.0006309839907
20,-0.01317197022,0.004897521057,0,-0.3924,0,0.0005440759443
21,0.004718049295,0.003914321651,0,-0.3924,0,0.0005414493795
22,0.009245592113,-0.01876830635,0,-0.3924,0,0.0006326654082
23,0.00950508282,1.38859053e-05,0,-0.3924,0,0.0005897768316
24,-0.00649588095,-0.02872957051,0,-0.3924,0,0.0004193223699
25,-0.00796683368,-0.005503241218,0,-0.3924,0,0.0003933429674
26,-0.01426047181,0.01812581649,0,-0.3924,0,0.0004882615857
27,0.0008488052751,-0.0196693324,0,-0.3924,0,0.0004543904832
28,-0.003619926305,-0.02280970672,0,-0.3924,0,0.0005388586583
29,-0.0005979488503,-0.01847735169,0,-0.3924,0,0.0003997872801
30,-0.007514033547,0.01217676799,0,-0.3924,0,0.0003994841393
31,0.01086821778,-0.02910308783,0.03268742835,-0.03253998875,-0.7735276945,0.000498191461
32,-0.01045249365,-0.003435492951,0,-0.3924,0,0.0004834825779
33,0.009557468195,0.01910090837,0,-0.3924,0,0.0005693517761
34,0.006685594177,-0.007983808749,0,-0.3924,0,0.0005731723334
35,0.01266694107,0.009964629391,0,-0.3924,0,0.00035172299
36,0.0120876218,0.0002814313236,0,-0.3924,0,0.0004790380545
37,0.01101060977,-0.002909571256,0,-0.3924,0,0.000359527037
38,0.01001795975,0.01102075016,0,-0.3924,0,0.0003894741448
39,-0.003895583542,-0.005528397366,0,-0.3924,0,0.0005885866971
40,0.006201519028,-0.0286897347,-0.05385390651,-0.1542459042,0.657520979,0.0006344330786
41,-0.00311763054,-0.02854411401,0,-0.3924,0,0.0005013257915
42,-0.009167012744,-0.0251997706,0,-0.3924,0,0.0004441024424
43,0.0015248982,0.003237553424,0,-0.3924,0,0.000346346206
44,0.003319499792,-0.02912051902,0.0565735827,0.2875140647,-0.7460921672,0.0003553741876
45,0.009734848508,0.006945223848,0,-0.3924,0,0.0005762615631
46,-0.002524210908,-0.01733565047,0,-0.3924,0,0.000635619546
47,0.01424541203,-0.009752875085,0,-0.3924,0,0.0003914962861
48,0.01249329808,-0.0231914074,0,-0.3924,0,0.0006051643184
49,-0.00739290071,-0.02891540998,0,0.3106960194,0,0.0003638521019
50,0.0005220105053,0.0006979685042,0,-0.3924,0,0.0006025195761
51,0.01316554672,-0.01301585232,0,-0.3924,0,0.0006534345561
52,-0.007621483858,-0.01562673418,0,-0.3924,0,0.0005179394929
53,0.01080926842,0.01960243546,0,-0.3924,0,0.000495307239
54,-0.01064302103,-0.0175076201,0,-0.3924,0,0.000619717291
55,6.118701591e-05,0.01355723113,0,-0.3924,0,0.0005884123668
56,0.01403121847,-0.01978145678,0,-0.3924,0,0.0004215861959
57,-0.00466259974,-0.01821771325,0,-0.3924,0,0.0006342565276
58,0.005249438641,0.01095701119,0,-0.3924,0,0.0005025427974
59,0.007518695372,-0.02814317246,0.1474043424,0.03678402604,0.8211711123,0.0004541485661
60,0.006043967856,0.0169128285,0,-0.3924,0,0.0004350318227
61,0.003090906995,0.008880278602,0,-0.3924,0,0.0006105101912
62,0.01105235352,-0.003835736391,0,-0.3924,0,0.0004190033567
63,-0.006591223822,-0.01935377848,0,-0.3924,0,0.0006199224221
64,0.004581592684,-0.02900909581,-0.03077776916,-0.235189353,0.3814534121,0.0006294511871
65,0.003023547388,-0.009208152262,0,-0.3924,0,0.0004723674961
66,-0.01108491627,0.02007386629,0,-0.3924,0,0.000553723259
67,0.01428119529,-0.02926093439,0.1421179367,0.1198717174,-1.617942369,0.000579805764
68,-0.0007668362764,-0.02020523611,0,-0.3924,0,0.0004454552579
69,-0.00527646304,-0.02753950562,0,0.1757197839,0,0.000354753092
70,-0.003175570644,-0.01245420118,0,-0.3924,0,0.0005448597132
71,0.005166062712,-0.002653593405,0,-0.3924,0,0.0006207526665
72,0.002013577561,-0.027947982,-0.2489625906,0.2110880814,0.03329686785,0.0003773578991
73,0.007367126565,0.008332276038,0,-0.3924,0,0.0005393413398
74,0.0004453229888,0.01481601571,0,-0.3924,0,0.0004740877308
75,-0.0134438004,-0.02501462727,0,-0.3924,0,0.0006453493048
76,-0.004200364535,-0.01701286389,0,-0.3924,0,0.0004618855686
77,-0.002001234899,0.009757568554,0,-0.3924,0,0.0004683985637
78,0.0002528047496,-0.01746481006,0,-0.3924,0,0.0004905653636
79,-0.005865635439,-0.02322181531,0,-0.3924,0,0.0005821258001
80,0.002160742347,0.009816292775,0,-0.3924,0,0.0004353186792
81,-0.007353412418,-0.0143519822,0,-0.3924,0,0.0003893003497
82,-0.0131969681,-0.01596821468,0,-0.3924,0,0.0006542344379
83,-0.004005099184,-0.006878617731,0,-0.3924,0,0.0004417641048
84,-0.005758642891,0.000726588365,0,-0.3924,0,0.0004128167615
85,-0.01103605192,-0.027260619,0,0.0643206373,0,0.0005901348345
86,0.008918790238,-0.02856411312,-0.07306109228,-0.2912112317,0.05915555904,0.0006237260452
87,-0.007130097533,0.006498363707,0,-0.3924,0,0.0005995399383
88,-0.01307079116,-0.01472389076,0,-0.3924,0,0.0005231643897
89,-0.006228524345,-0.001537675654,0,-0.3924,0,0.0006605483829
90,0.001295153911,0.008197767923,0,-0.3924,0,0.0005252438848
91,0.005368661738,-0.01280098002,0,-0.3924,0,0.0004426305868
92,-0.01296373609,-0.009236401126,0,-0.3924,0,0.0004666350983
93,0.01441265886,-0.0123774884,0,-0.3924,0,0.0005443550974
94,-0.01310636445,-0.02847914223,0,-0.3924,0,0.0003666025357
95,0.01372841336,0.006326033531,0,-0.3924,0,0.0006090890268
96,0.005929135214,0.007154861647,0,-0.3924,0,0.0003757293025
97,0.0002933878695,-0.02179159806,0,-0.3924,0,0.0005102192621
98,0.002883675693,-0.0002789219827,0,-0.3924,0,0.0006354846938
99,-0.009148902054,0.01771166904,0,-0.3924,0,0.0005101690446
