0,0.0127672823,-0.02951028191,-0.0005788401304,0.004443220023,0.4494529871,0.0004896285199
1,0.01448701007,-0.02731331898,0.00707486414,0.0009208757347,-0.2499588039,0.0005122818571
2,-0.01431019663,-0.0278785726,0.005407917829,-0.002610846136,8.712351528,0.0006613818599
3,0.005901350714,-0.0275161391,0.000735106127,-0.05626839776,2.049100194,0.0005529695268
4,0.0007365316673,-0.02721808372,-0.01834366604,-0.02682583538,3.871965291,0.0006557376444
5,0.01223159626,-0.02857796485,0.001902523318,0.003745398444,-6.327602767,0.0003812102343
6,0.008763370178,-0.02955340952,0.01049317091,0.00816627023,-1.445528565,0.0004466786265
7,0.01246788292,-0.02672770496,-0.02979289942,-0.02653489415,0.3870695843,0.0003930580654
8,-0.008044471676,-0.02565042176,-0.01114856919,-0.005588869054,17.66721051,0.0005621936221
9,-0.001031053132,-0.02792341937,0.03339013304,-0.04914806454,6.339932443,0.0005554407998
10,-0.0005384293058,-0.02956510285,0.008487594616,-0.001961955753,2.955488288,0.0004311394351
11,0.01228700052,-0.02765192124,0.003011852861,0.002007764744,-1.235478817,0.0005465138425
12,-0.01326408778,-0.02834431872,0.01071811532,0.002056256061,5.035299102,0.0004840383056
13,0.004189273998,-0.02634010604,-0.03538978133,-0.0344345888,15.74704039,0.0004588686784
14,-0.01038451195,-0.02966092551,0.003927440091,0.0008741761754,-0.9199063936,0.0003392868218
15,-0.001018188417,-0.02688213723,-0.04769144807,0.0333304622,-26.54072302,0.0004659542036
16,0.007777292526,-0.02930233748,0.003604856492,-0.03494003927,-7.739775448,0.0005710810561
17,-0.01229362829,-0.02861190235,-0.002014063743,0.005564856876,4.391921044,0.0005225651648
18,-0.005520477554,-0.0254736365,0.03710299013,-0.04773011906,-5.11626387,0.0006230247637
19,-0.004525985967,-0.02769722712,-0.01703081404,-0.01601730549,-0.03767920585,0.0006309839907
20,-0.01141721074,-0.02608003832,0.004880553561,0.009952647303,-3.71258448,0.0005440759443
21,0.004206044492,-0.02852716652,-0.0294483671,0.02194467507,0.9880615772,0.0005414493795
22,0.009165038701,-0.02845936003,-0.02010528319,-0.01703131766,-5.339517193,0.0006326654082
23,0.002195709234,-0.02824921978,0.00280101722,-0.02786221713,47.37496688,0.0005897768316
24,-0.005618034243,-0.02957528675,-7.075723531e-05,-0.01318044122,7.032897351,0.0004193223699
25,-0.008322823878,-0.02753435068,1.182527728e-05,0.006986506195,9.344098726,0.0003933429674
26,-0.0126710069,-0.02756110043,-0.00343406955,0.002733072386,-4.468222935,0.0004882615857
27,-0.002876475434,-0.0285917997,-0.03186680486,-0.004442874811,4.363673875,0.0004543904832
28,-0.00386402576,-0.02866079029,-0.01825144047,0.0004353393159,-3.857223401,0.0005388586583
29,0.003203959311,-0.02842541515,-0.0443045153,0.01585285127,-0.4402536664,0.0003997872801
30,-0.008479333439,-0.01317056974,0.01570229604,-0.1253157436,5.635497263,0.0003994841393
31,0.009708786917,-0.02950144234,0.01447567248,-0.008836700186,2.355694593,0.000498191461
32,-0.009402950487,-0.0262808985,0.03064242573,-0.02838747388,-4.391559752,0.0004834825779
33,0.009756185932,-0.02688535451,-0.02609758758,0.009440949185,-10.88684582,0.0005693517761
34,0.01044789252,-0.02861143809,0.01283391716,0.0268964386,-1.370979283,0.0005731723334
35,0.01307489273,-0.02626552617,-0.03860944298,-0.00132933319,8.20649249,0.00035172299
36,0.0137187367,-0.02563888248,-0.001112168141,0.005540651917,4.407489035,0.0004790380545
37,0.01005718881,-0.02776566303,0.007687768537,-0.0524674685,-1.015171914,0.000359527037
38,-0.001293919221,-0.005844665977,-0.1570964515,-0.1334831071,-18.36196826,0.0003894741448
39,-0.005356090793,-0.02860179811,0.0006342704057,-0.004219692437,6.33810784,0.0005885866971
40,0.007388887358,-0.02701717846,0.03188542131,-0.04000554415,4.438800735,0.0006344330786
41,-0.001468436165,-0.02950310607,-0.0155421461,-0.03487894066,-1.374470921,0.0005013257915
42,-0.01209267336,-0.02955682153,-0.001345523964,-0.0009074170318,0.7203791587,0.0004441024424
43,-0.000894462875,-0.02882890673,-0.02399964357,0.02901743664,-8.310385839,0.000346346206
44,0.006913530435,-0.02963943069,0.01451029825,0.0210412148,11.58651616,0.0003553741876
45,0.007915959025,-0.02815646957,0.02701175454,-0.02655089016,5.17085513,0.0005762615631
46,-0.006480602242,-0.02628925672,-0.001375052462,0.005298104461,-2.977748023,0.000635619546
47,0.01091030196,-0.02776546958,0.01541926209,0.06776332515,-10.59885359,0.0003914962861
48,0.01167690028,-0.02939396484,0.002010103971,0.004282416762,8.764873169,0.0006051643184
49,-0.009682116384,-0.02963625451,0.005638724062,0.00133778882,13.91815731,0.0003638521019
50,-0.002668766999,-0.0266683335,0.05508061343,-0.06984268164,-7.336596416,0.0006025195761
51,0.01326208913,-0.02847977378,-0.001863621803,-0.006265606872,-6.205745084,0.0006534345561
52,-0.007433880956,-0.02948212697,-0.00426819169,0.002661877727,-2.496800816,0.0005179394929
53,0.01442943291,-0.02630667782,0.002702964242,0.004926015198,-16.90560924,0.000495307239
54,-0.007818180371,-0.0284120857,-0.002279884666,0.001634781546,-6.416113457,0.000619717291
55,-0.005376575861,-0.02682159996,-0.01716268781,-0.01497052301,2.270151675,0.0005884123668
56,0.01066848286,-0.02957955417,0.009684030007,0.02605517408,1.693378906,0.0004215861959
57,-0.007039407912,-0.02742950566,0.006245668637,-0.0008613018915,-1.235985429,0.0006342565276
58,-2.08585397e-06,-0.02820495867,-0.04848656135,-0.06575213243,4.179714074,0.0005025427974
59,0.006110040527,-0.02953921291,-0.006881027135,0.007796731677,-21.83789746,0.0004541485661
60,0.004128386686,-0.0275388211,-0.04406003831,-0.04269555783,-2.09649922,0.0004350318227
61,0.002728109182,-0.02937909049,-0.004265839749,-0.008259847478,3.522011191,0.0006105101912
62,0.01145021696,-0.02839484856,0.01372402351,0.001834923008,-3.93273415,0.0004190033567
63,-0.0111439858,-0.02907559363,0.002528511169,0.00461068943,4.677412763,0.0006199224221
64,0.005039765053,-0.02936769817,-0.007219129408,-0.001006077647,2.420361806,0.0006294511871
65,0.003880054603,-0.02949645596,-0.03335976324,-0.0147850654,-5.403522682,0.0004723674961
66,-0.01034775527,-0.02673274811,0.008044085222,-0.008476412205,3.837489034,0.000553723259
67,0.01406077803,-0.02942070126,-0.002613640459,-0.005556283258,-0.9971338546,0.000579805764
68,-0.004175643474,-0.02525019076,0.07943889243,-0.02272128248,46.14136883,0.0004454552579
69,-0.005881926165,-0.02780928825,0.03512611718,-0.01966525998,0.5405954216,0.000354753092
70,-0.004605603337,-0.02945549308,0.001170438485,0.0003009115254,-2.334788736,0.0005448597132
71,0.006635513739,-0.0285946714,0.01731479329,-0.009994959915,0.5100909688,0.0006207526665
72,0.004232155209,-0.02264053625,-0.2617280562,-0.3671928787,-27.01907384,0.0003773578991
73,0.008786940281,-0.02624259,0.01669569242,-0.001431594959,-3.09123008,0.0005393413398
74,-0.003260796036,-0.02772115949,-0.01168437711,-0.02455551819,0.1554614172,0.0004740877308
75,-0.01435204907,-0.02935448785,-0.0005647765937,0.0005852651816,1.200931125,0.0006453493048
76,-0.005613141125,-0.02262885003,-0.1087089966,-0.3186923799,14.52633251,0.0004618855686
77,-0.00914980518,-0.02721155997,0.003153620844,-0.00522820856,4.503219857,0.0004683985637
78,0.001625509145,-0.02948398477,-0.03724254418,0.007771258812,-9.626719787,0.0004905653636
79,-0.009984790641,-0.02874007082,0.0003630060792,-0.0007145926147,3.299815232,0.0005821258001
80,0.001108236472,-0.02834689266,-0.05697575388,0.0007594827593,-2.483935327,0.0004353186792
81,-0.009788426845,-0.02778644139,-0.005672602459,0.0009375861903,0.5959028165,0.0003893003497
82,-0.01083245663,-0.02784041603,0.003017721333,-0.0009961016425,-8.987978735,0.0006542344379
83,-0.003470364122,-0.02955870329,0.00392979016,0.003472229266,4.031847804,0.0004417641048
84,-0.006472388624,-0.02958811174,0.005125110397,-0.006158507051,-0.1579418366,0.0004128167615
85,-0.01311786347,-0.02940949773,0.0016532732,-0.001421585028,1.600220236,0.0005901348345
86,0.01141861843,-0.02686513681,-0.005126816492,-0.0007899659552,-2.779872863,0.0006237260452
87,-0.006554681737,-0.02857900425,0.007371083948,-0.003030177239,-0.9547611418,0.0005995399383
88,-0.008967802417,-0.02818593694,-0.004261063934,0.0001521855287,2.779782196,0.0005231643897
89,-0.008701783826,-0.02933982825,0.00177324209,0.002847678913,0.8993955759,0.0006605483829
90,-0.001898690554,-0.02857270543,-0.006876226447,-0.03957793791,6.963240703,0.0005252438848
91,0.008768305988,-0.02741487067,0.005997137581,-0.004986927727,17.17698318,0.0004426305868
92,-0.01188539793,-0.02699030865,0.008649635473,0.001870839955,0.2762129008,0.0004666350983
93,0.01445512176,-0.02836920162,-0.0006719045097,-0.007049323687,-0.2719348049,0.0005443550974
94,-0.01185331978,-0.02783968294,0.001459147153,0.006301850642,-19.31370466,0.0003666025357
95,0.01336419998,-0.02722069028,-0.003390384341,-0.003900689178,3.651335347,0.0006090890268
96,0.005124934472,-0.02830932861,0.01261472609,-0.02224134363,3.420010052,0.0003757293025
97,-0.002518907272,-0.02948973934,0.006988568167,0.0008424288911,2.055208764,0.0005102192621
98,0.0004939358088,-0.02928492608,0.001172222663,-0.02187553721,2.003367025,0.0006354846938
99,-0.007939451479,-0.02671734728,-0.00236176523,0.002189427846,-12.28728667,0.0005101690446
