0,0.0121604312,-0.02713091023,-0.0003063757385,-0.0007247000728,13.94383235,0.0005
1,-0.005993276932,-0.02776911905,-0.002375793165,0.0008022118412,7.025338282,0.0005
2,0.001683904416,-0.02777626917,0.001282326346,-0.0001081753483,0.2256787974,0.0005
3,-0.003406381315,-0.02868891137,0.0001730355395,0.0002514250837,5.29858483,0.0005
4,0.01077952807,-0.02950042937,0.0001461356737,0.001807415751,-2.869076531,0.0005
5,-0.001734736963,-0.02950020089,0.0002425905445,-0.0003732917632,-1.741046402,0.0005
6,-0.01000293407,-0.029500126,0.0003448599642,-0.0004706743413,3.278712491,0.0005
7,0.001690302805,-0.02950022887,0.0004484532283,1.523264149e-05,6.048439137,0.0005
8,-0.003990937373,-0.02950013227,0.0001048669373,0.000536744084,1.075947987,0.0005
9,0.01265829911,-0.02902291002,-0.0003058941332,-5.728355407e-05,-12.8351,0.0005
10,0.003216209523,-0.02864489123,0.0004886351007,-0.0003122582055,-10.62566908,0.0005
11,-0.00900264142,-0.02776803877,0.001679944561,-5.368548957e-05,5.029126472,0.0005
12,-0.001575646569,-0.02794929549,0.0003757225936,-0.0002581489999,-11.57901332,0.0005
13,-0.01450007887,-0.02828210027,-1.067668005e-05,5.661315395e-05,12.48865125,0.0005
14,0.01450011262,-0.02823236769,7.771256059e-05,8.83935186e-05,-1.137702219,0.0005
15,-0.001075654522,-0.02708328169,0.0008896020183,-0.0006371271484,-18.49412086,0.0005
16,0.005759020588,-0.02950027532,0.001642048171,0.001047501861,-3.314549726,0.0005
17,0.002697980981,-0.02950007164,0.001000876665,-0.0001519980188,-10.82879682,0.0005
18,-0.002160320812,-0.02713806624,0.0007118507928,-0.0004619963835,-6.089889329,0.0005
19,-0.004491272439,-0.02863412192,-0.0003513946556,0.0002168702229,14.5210077,0.0005
20,0.01450010952,-0.02923238427,0.0005064211344,-0.000238232879,-2.100904531,0.0005
21,-0.0003296306014,-0.02950017462,0.0003438710111,-0.0002042123879,-7.982368744,0.0005
22,0.003717676793,-0.02777931382,0.00133326337,-0.001506918771,1.933070924,0.0005
23,-0.007998811495,-0.02776989769,-0.001800458722,-0.004216099165,4.319104132,0.0005
24,0.004743372987,-0.02777407737,0.003453575888,0.001823192724,0.4606655762,0.0005
25,0.007777022891,-0.02950016055,0.0004940326454,-0.002012852048,-1.815663125,0.0005
26,0.00524710079,-0.02864082575,0.003257137822,0.0005498251881,3.943897383,0.0005
27,0.002202033507,-0.02692099023,0.00248495315,-0.0009059300373,-26.48048384,0.0005
28,-0.003906466403,-0.02782295661,0.0007024672593,0.0003393090792,7.27519559,0.0005
29,0.000170422027,-0.02863424282,0.0005903191942,-0.0002230089237,9.879221958,0.0005
30,-0.00282173771,-0.02950016302,0.0002221994781,0.000110073905,-4.198671404,0.0005
31,0.01326685664,-0.02667764138,0.0002577156724,2.476368223e-06,-16.02813637,0.0005
32,0.007777861562,-0.02776827228,-0.001103160718,-0.004357295701,-0.4992641732,0.0005
33,0.008277078299,-0.02863440978,0.000420035902,-0.003102175728,7.117666077,0.0005
34,0.0130175144,-0.02764603105,0.0001006280366,0.0002229297549,-24.78745438,0.0005
35,0.01215805051,-0.02815702192,0.001006120602,-0.000190477685,17.68605718,0.0005
36,-0.002278203639,-0.02866084157,0.0003142173908,-0.0002138539701,5.74419752,0.0005
37,-0.01250293105,-0.02863418673,0.0005011811819,3.404580479e-05,0.2038534242,0.0005
38,-0.008443165835,-0.02687359587,0.02167547906,0.003684704904,-14.74265984,0.0005
39,0.009278685024,-0.02863470941,-5.197803947e-05,0.001653545942,-1.167344093,0.0005
40,0.002193922018,-0.02863639753,0.0002898733001,-0.0008125975452,8.23319529,0.0005
41,-0.001032204469,-0.02878865578,0.0004982873774,-0.0002449696888,14.53475493,0.0005
42,0.01398084572,-0.02737783982,1.232764794e-05,0.0004088049636,40.99015956,0.0005
43,0.006262843744,-0.02863563937,0.002133774654,-0.001888498104,0.3496030936,0.0005
44,-0.009502813781,-0.02863406106,-0.0002429337951,0.0003538758787,1.208809984,0.0005
45,-0.005992177757,-0.0295002898,-0.0004483655585,-0.0001197716503,6.650855654,0.0005
46,-0.01000563185,-0.02776663467,0.001867996541,-0.0002918150847,1.418726347,0.0005
47,0.002712285804,-0.02778127321,0.0005954454882,-0.0008489141417,37.38990373,0.0005
48,0.006768005097,-0.02776616782,0.001550801745,-0.005623957921,-3.612640959,0.0005
49,-0.01050298367,-0.02863414205,0.000434716301,-0.0006758708453,0.9217387141,0.0005
50,-0.01200284004,-0.0295001373,-0.0001945946766,0.0004627177881,-3.630513425,0.0005
51,-0.007495652608,-0.02863411627,0.001094684149,-0.0008546290264,-4.551730001,0.0005
52,-0.007224609701,-0.02678961698,-0.02171239878,-0.009934259473,-12.53570407,0.0005
53,-2.224208281e-05,-0.02706252948,0.0008938310816,-0.0005369487883,-1.088034683,0.0005
54,-0.00649330368,-0.0286351287,-0.002409692608,0.0001491035627,-5.702024453,0.0005
55,0.008779119857,-0.02776846201,-0.000536258224,0.001532346087,-14.28515016,0.0005
56,0.01353679396,-0.02950032775,0.0004586291761,-9.87101754e-06,9.45568388,0.0005
57,-0.002862868693,-0.02784963082,0.000318351908,0.0001134985498,-4.569186391,0.0005
58,0.003734194245,-0.02950011259,0.001035615297,-0.0007079368209,4.414571968,0.0005
59,0.01048093141,-0.02705640861,0.0009824392123,-0.0008034609056,4.970194101,0.0005
60,0.00928765544,-0.02689828741,0.00582635353,0.004364481935,-8.392707744,0.0005
61,0.006281918648,-0.02688572436,0.001389551146,0.00140770776,12.48345177,0.0005
62,-0.004991662534,-0.02776837222,-0.0001955192369,-0.001539880675,12.27161795,0.0005
63,0.001180353196,-0.02864013422,0.0003280677199,7.996619774e-05,-1.558041449,0.0005
64,-0.008499181073,-0.02863620576,-0.001526541223,0.0003180511696,3.484010693,0.0005
65,0.005260848795,-0.02689497249,0.001900227541,-0.002028298025,-3.909659494,0.0005
66,-0.01358654887,-0.02868861157,0.000110717586,-4.253848148e-05,-7.381237078,0.0005
67,0.01177966347,-0.02950024353,-0.0004033127896,-0.001543215982,3.428011341,0.0005
68,-0.007994805595,-0.02950040275,6.999740925e-05,-0.0009360445056,-15.63915156,0.0005
69,-0.00549182064,-0.02863453992,-0.0008450194215,0.000888839626,-8.447855869,0.0005
70,0.01027960248,-0.02863458387,-0.00139748511,0.00164833605,-8.770452854,0.0005
71,-0.01309526611,-0.02781764752,0.02173103162,-0.01251182162,-12.52111956,0.0005
72,-0.003363157398,-0.02698330839,0.0007817786636,9.607503279e-05,26.00482916,0.0005
73,0.009779338631,-0.02776896658,-0.0002761814716,-0.0004349993732,-7.331159249,0.0005
74,0.003212942113,-0.0269157032,0.0002425383797,-0.0008849816117,13.27772372,0.0005
75,-0.006993958711,-0.02776934863,-0.004229831178,-0.0004998745665,-12.07277875,0.0005
76,0.01353683027,-0.02850050612,0.0005115058981,0.0001788528427,7.827434775,0.0005
77,-0.004991178287,-0.02950015608,-0.0002148308913,0.001057726747,-2.07562327,0.0005
78,0.007780555862,-0.02600742761,0.004476040533,0.01213262553,0.1122047431,0.0005
79,0.0112795283,-0.02863444306,-0.0003607854317,-0.0002383603281,4.538173309,0.0005
80,-0.00699481666,-0.02950026305,-0.001430154484,0.001477807943,-2.692903058,0.0005
81,0.0006804497653,-0.02777410211,0.0001927811509,-5.376992962e-05,-27.39621936,0.0005
82,-0.00900296506,-0.0295000877,-0.0007440597378,-0.0002415296737,4.031228506,0.0005
83,0.00421920173,-0.0269146822,-0.01979136482,-0.079548534,-45.99277003,0.0005
84,0.006769923691,-0.02950012452,-0.0004041385205,0.000480161427,-0.4374232432,0.0005
85,0.004235238713,-0.02863491843,-0.0009177078943,-0.002136020785,1.143193071,0.0005
86,0.008777821874,-0.02950005123,9.293695703e-05,0.002107059564,2.055346938,0.0005
87,0.005766254383,-0.02776597891,0.004710495359,-0.004768362559,0.972085063,0.0005
88,-0.000532163259,-0.02792270823,0.0005008631429,-9.779102398e-05,-0.2898652169,0.0005
89,0.008285625687,-0.02689826074,0.001052518018,0.002227834952,-1.732752697,0.0005
90,0.009779534277,-0.02950028718,-8.507504547e-05,0.000893281247,-9.819333249,0.0005
91,-0.01300273495,-0.02950025033,-6.745049636e-05,0.000130463132,-2.8031715,0.0005
92,0.007273275764,-0.02863614045,0.0008358542403,0.001734556689,2.842305668,0.0005
93,-0.0142292055,-0.02950005988,0.002390833713,-7.965682554e-05,-2.057487086,0.0005
94,-0.01100292674,-0.02950013988,0.0006045282939,0.0001582295187,-7.579319397,0.0005
95,-0.01150294882,-0.0286341083,-7.393562151e-05,-0.0003368635494,-2.376450979,0.0005
96,0.0006703887268,-0.02950021891,0.0003062402382,-0.0001256919361,-3.08231136,0.0005
97,0.004735608676,-0.02950027183,0.0004249499788,-0.001585715542,-2.040852686,0.0005
98,0.007281521185,-0.02689946259,0.00386886637,-0.002342268175,3.663470716,0.0005
99,0.01129667639,-0.02763473985,0.0006487719491,-0.0003916946015,10.00095783,0.0005
