0,0.01276372266,-0.0295104952,-3.368356482e-06,-3.533927062e-06,0.4516435573,0.0004896285199
1,0.01448776922,-0.02731107757,7.482572126e-06,6.672029737e-06,-0.2375139817,0.0005122818571
2,-0.01433877771,-0.02804832483,1.143814689e-05,-1.328597235e-05,9.077981495,0.0006613818599
3,0.005687419646,-0.02840542892,3.117268138e-05,1.127953393e-05,2.734657423,0.0005529695268
4,0.0003864310284,-0.02737619875,2.791411445e-05,5.552147146e-06,4.705425015,0.0006557376444
5,0.01223494367,-0.02859282086,5.139467486e-06,1.080152404e-05,-6.487566637,0.0003812102343
6,0.008791219598,-0.029553358,1.78266311e-05,1.980538268e-12,-1.259916438,0.0004466786265
7,0.01238203618,-0.02673154593,-1.168506848e-05,9.008568958e-06,0.666582623,0.0003930580654
8,-0.00838370518,-0.02585594741,-1.879838926e-05,-4.589333175e-05,18.82441248,0.0005621936221
9,-0.0009755833536,-0.02794235065,2.646848752e-05,-2.509194537e-06,5.324863895,0.0005554407998
10,-0.0004175551689,-0.02956891375,3.980186323e-05,1.952749827e-05,2.933334573,0.0004311394351
11,0.01230252578,-0.02766770631,-1.198205661e-05,1.410694895e-05,-1.121075845,0.0005465138425
12,-0.01323173538,-0.02834180503,1.199624665e-05,-6.474421295e-06,5.147825603,0.0004840383056
13,0.004366334238,-0.02765963722,2.80734593e-05,-1.613327305e-05,17.22268776,0.0004588686784
14,-0.01027148275,-0.02966080106,6.649268144e-05,7.125842638e-06,-1.128325394,0.0003392868218
15,-0.0006593653368,-0.02697079552,3.741540548e-05,6.830523672e-06,-25.17307107,0.0004659542036
16,0.007778491907,-0.02942908341,3.393318638e-05,5.409067228e-06,-7.733145547,0.0005710810561
17,-0.01225980514,-0.02860348631,-8.399434916e-06,-1.478599744e-05,4.58819188,0.0005225651648
18,-0.003483841961,-0.02675823373,5.512541349e-05,-3.106312489e-05,-8.363338537,0.0006230247637
19,-0.004453143277,-0.02773964037,1.69184353e-05,-1.743324518e-05,-0.08327413039,0.0006309839907
20,-0.01109940354,-0.02638030603,-8.495838439e-06,-2.629379205e-06,-4.53329467,0.0005440759443
21,0.003849730022,-0.02851620745,8.905123127e-06,8.964666868e-06,0.4843852086,0.0005414493795
22,0.009153972112,-0.02853206276,3.307993188e-05,4.875326011e-06,-5.628839396,0.0006326654082
23,0.001930783435,-0.02844536369,2.355899762e-05,9.000418988e-06,48.38273565,0.0005897768316
24,-0.005551350111,-0.02958071333,1.160897505e-05,-4.346542357e-06,7.019991974,0.0004193223699
25,-0.008343956798,-0.02760148063,9.25362084e-07,6.728433032e-06,9.097274651,0.0003933429674
26,-0.01269044649,-0.02753422457,-3.935984079e-05,2.969873663e-05,-4.452017361,0.0004882615857
27,-0.002815114337,-0.02864016529,1.05598425e-05,2.108772774e-05,4.791968088,0.0004543904832
28,-0.003805612539,-0.0287137463,2.951366926e-05,1.549542388e-05,-4.01799929,0.0005388586583
29,0.002918197926,-0.02838230705,1.369489304e-05,8.949378746e-06,-0.6122465398,0.0003997872801
30,-0.005275595018,-0.02605388717,9.483462071e-05,-1.282986979e-05,9.826328642,0.0003994841393
31,0.009734912691,-0.02950206956,2.430720328e-05,7.157486715e-07,2.297159861,0.000498191461
32,-0.009322927691,-0.02631557105,-3.545086777e-05,-1.097505032e-05,-6.524173975,0.0004834825779
33,0.009503432549,-0.02698100226,2.525765142e-05,-1.073721414e-06,-10.86491695,0.0005693517761
34,0.01035584711,-0.02862907196,3.334557951e-05,-1.973577523e-06,-1.242701864,0.0005731723334
35,0.01301130392,-0.02633323612,1.091091376e-05,6.775877388e-06,8.206202946,0.00035172299
36,0.01366130257,-0.02581593936,5.141822106e-06,8.731429689e-06,4.728656431,0.0004790380545
37,0.009862561173,-0.02783758003,3.682473473e-05,1.942973329e-06,-0.8138705458,0.000359527037
38,-0.01354956148,-0.02735451974,-2.213847202e-05,2.333861374e-05,-15.83127751,0.0003894741448
39,-0.005327131381,-0.0285901834,2.228697123e-05,-1.597467473e-05,6.329414199,0.0005885866971
40,0.006431525282,-0.027480186,3.728721184e-05,-1.61774301e-06,5.294865454,0.0006344330786
41,-0.001347288696,-0.02949889679,6.40762054e-06,-1.455239786e-05,-1.775225461,0.0005013257915
42,-0.01209701834,-0.02955620111,5.592721634e-05,-2.446039645e-05,0.610314529,0.0004441024424
43,-0.0007912526457,-0.02885913584,2.818033955e-05,-1.910380056e-05,-9.338606359,0.000346346206
44,0.006877537866,-0.02964488917,3.733289381e-05,-3.631181751e-06,11.4994406,0.0003553741876
45,0.007968159435,-0.02829762027,3.153046046e-05,6.388514199e-06,5.171915208,0.0005762615631
46,-0.006403742909,-0.02626928658,3.606571684e-05,1.449998965e-06,-3.918460673,0.000635619546
47,0.01084659602,-0.02779871032,1.096268451e-05,1.176576146e-05,-10.79403221,0.0003914962861
48,0.01166151191,-0.02939511533,3.139612189e-05,-7.550591117e-06,8.80911866,0.0006051643184
49,-0.009568838303,-0.02963652042,5.376096596e-05,-3.503511966e-06,13.62233982,0.0003638521019
50,-0.002258238467,-0.02755068516,7.154439946e-05,3.803965876e-05,-8.670814048,0.0006025195761
51,0.01326358201,-0.02848260368,1.358890954e-05,-1.03701094e-06,-6.202609491,0.0006534345561
52,-0.007351023918,-0.0294821176,0.0001115468633,-2.428886623e-12,-2.700705877,0.0005179394929
53,0.01450472674,-0.02630369982,1.752026045e-06,4.883292655e-06,-17.03762354,0.000495307239
54,-0.007720131658,-0.0283996111,1.68058923e-05,2.228173437e-05,-6.408374632,0.000619717291
55,-0.005442874672,-0.02702749246,2.647385845e-05,-5.122602229e-06,2.649178084,0.0005884123668
56,0.01065143244,-0.02957867646,2.398201779e-05,-3.996410224e-06,1.752915093,0.0004215861959
57,-0.006933145017,-0.02742345264,6.201165289e-05,1.248620947e-05,-0.7386805054,0.0006342565276
58,-4.74663085e-05,-0.02845006978,2.834589325e-05,9.108805798e-08,4.293389843,0.0005025427974
59,0.00607409402,-0.02954589894,4.246950241e-05,2.000348617e-06,-21.82059417,0.0004541485661
60,0.00335786829,-0.02767267354,1.66538209e-06,2.319932998e-05,-0.182016942,0.0004350318227
61,0.002840322508,-0.02938958285,4.893061116e-05,2.219848885e-06,3.480497227,0.0006105101912
62,0.01137744414,-0.02841116518,-1.561899902e-05,-9.886092747e-06,-3.882493405,0.0004190033567
63,-0.01110172472,-0.02918063016,1.197184865e-05,-4.006608437e-05,4.742270133,0.0006199224221
64,0.005004756834,-0.02937074427,3.037861171e-05,4.517397811e-07,2.616418425,0.0006294511871
65,0.003914270998,-0.02952783154,4.787051641e-05,2.267307684e-06,-5.129331581,0.0004723674961
66,-0.01015331583,-0.02693703755,-2.662424523e-05,-2.475231324e-05,3.792250761,0.000553723259
67,0.01406402144,-0.02942058682,-1.308127449e-05,5.612701452e-07,-0.9939087007,0.000579805764
68,-0.001550140294,-0.02677821723,4.738945955e-05,5.46564425e-05,49.8661825,0.0004454552579
69,-0.005908679431,-0.02784746624,3.646514755e-05,-1.451485039e-05,-0.1336430319,0.000354753092
70,-0.00459537577,-0.02945551014,1.977475842e-05,-8.852559342e-06,-2.333829595,0.0005448597132
71,0.006830751852,-0.02867012552,3.454231668e-05,-6.750295663e-06,0.519157802,0.0006207526665
72,0.001383022737,-0.027648337,2.756254389e-05,1.294514539e-05,-44.53281526,0.0003773578991
73,0.007582646889,-0.02725081239,3.365861724e-05,9.874037943e-06,-3.417657412,0.0005393413398
74,-0.003295406077,-0.02783891871,0.000117164089,-4.279669514e-05,0.6358360219,0.0004740877308
75,-0.01435480551,-0.02935485611,5.147222091e-06,-7.7060477e-06,1.206742283,0.0006453493048
76,-0.004536688556,-0.02649656536,6.181233958e-05,-6.248288691e-05,15.95009699,0.0004618855686
77,-0.00917486071,-0.02725581048,-4.160476949e-06,-1.056609037e-05,4.920557694,0.0004683985637
78,0.001745881237,-0.02950963209,4.137542573e-05,2.633665587e-05,-9.744512822,0.0004905653636
79,-0.009968681583,-0.0287795545,5.595317194e-06,-2.319566616e-05,3.986170256,0.0005821258001
80,0.0009120581859,-0.02833217175,-7.054368572e-06,-1.862873446e-06,-3.111565837,0.0004353186792
81,-0.009821234315,-0.02781953128,3.3570281e-05,-1.22291805e-05,-0.1566896827,0.0003893003497
82,-0.01086544772,-0.02792860557,-1.49195464e-05,-6.132684207e-05,-9.079004183,0.0006542344379
83,-0.003308098927,-0.02955849864,3.196367339e-05,2.625748819e-06,3.684802104,0.0004417641048
84,-0.006383418184,-0.02958754116,1.216421929e-05,-4.984292966e-06,-0.4207849114,0.0004128167615
85,-0.01312070936,-0.02941007737,1.506003258e-05,9.739149099e-07,1.549897862,0.0005901348345
86,0.01138672335,-0.02693922186,3.998864169e-06,2.160388734e-05,-2.641903326,0.0006237260452
87,-0.006515120882,-0.02858412213,1.990115588e-05,-7.651846237e-06,-0.8540461497,0.0005995399383
88,-0.009007938966,-0.02823314535,1.017600964e-06,-3.085912375e-05,2.996779484,0.0005231643897
89,-0.00858855487,-0.02933989125,4.759482866e-05,-5.519437837e-06,0.7509067938,0.0006605483829
90,-0.001835896839,-0.0285962431,4.904031788e-05,9.133658736e-06,7.873872294,0.0005252438848
91,0.008678764447,-0.02756749321,2.841271827e-05,2.865368194e-06,18.47549323,0.0004426305868
92,-0.01192132179,-0.02696840541,-1.470802401e-05,3.528099061e-06,0.4480934611,0.0004666350983
93,0.01445575055,-0.02836710208,9.006733331e-06,3.949944123e-06,-0.2787331447,0.0005443550974
94,-0.0118781441,-0.02780048703,1.040104382e-05,-1.998023628e-05,-20.01968618,0.0003666025357
95,0.01336978302,-0.02722464751,3.643594884e-07,-4.454702729e-06,3.651024604,0.0006090890268
96,0.004758891895,-0.02839612384,2.222388455e-05,-1.424111134e-05,2.884672329,0.0003757293025
97,-0.002358717714,-0.02948992424,1.341655081e-05,8.813909748e-06,1.680933745,0.0005102192621
98,0.0006292752107,-0.02936483608,3.234259564e-05,1.20673501e-05,1.969669098,0.0006354846938
99,-0.007901585081,-0.0268137606,1.644030809e-05,-2.241113257e-05,-12.2651109,0.0005101690446
