0,0.0127649511,-0.02951046326,-5.32324594e-06,1.089256114e-05,0.4508706279,0.0004896285199
1,0.01448776598,-0.02731165549,1.051581845e-05,1.787173574e-05,-0.2381939993,0.0005122818571
2,-0.0143388112,-0.02804490901,-6.827150379e-07,-4.599654311e-05,9.08195392,0.0006613818599
3,0.005685248895,-0.02840574503,3.769334837e-05,8.084412581e-06,2.731037113,0.0005529695268
4,0.0003843268668,-0.02737627679,2.1673782e-05,-8.720053548e-06,4.702239183,0.0006557376444
5,0.01223489235,-0.02859422297,2.733672382e-05,7.336414922e-06,-6.486404671,0.0003812102343
6,0.008787864803,-0.029553358,6.951521851e-05,2.86436335e-13,-1.252393785,0.0004466786265
7,0.01238279708,-0.02673300268,5.33687171e-06,1.739123118e-05,0.6681015705,0.0003930580654
8,-0.008382997354,-0.02585261144,5.758628349e-06,-4.244562299e-05,18.82761671,0.0005621936221
9,-0.0009781576989,-0.02794240372,4.376064919e-05,-7.692177128e-06,5.322422978,0.0005554407998
10,-0.0004201676402,-0.02956891536,4.047017448e-06,-1.17464132e-05,2.934719739,0.0004311394351
11,0.01230356153,-0.02766918538,-1.396303851e-05,1.461611667e-05,-1.118150683,0.0005465138425
12,-0.01323280901,-0.02834206982,-4.068499696e-05,-3.236971609e-05,5.140697352,0.0004840383056
13,0.004364101812,-0.02765956052,3.982835741e-05,-1.594527663e-05,17.22035517,0.0004588686784
14,-0.01027552376,-0.02966079472,7.185617817e-05,4.041625426e-06,-1.125811218,0.0003392868218
15,-0.0006616214214,-0.02697126548,3.830643359e-08,8.185389067e-06,-25.1651089,0.0004659542036
16,0.007775874576,-0.02942908548,4.145385583e-05,-4.875946083e-06,-7.728842249,0.0005710810561
17,-0.01226086708,-0.02860367467,2.861606038e-05,1.601635802e-05,4.587513001,0.0005225651648
18,-0.003489650936,-0.02675476795,5.006414174e-05,-2.891789929e-05,-8.366045714,0.0006230247637
19,-0.004455732747,-0.02773966065,4.718235162e-05,1.096449286e-05,-0.08727765743,0.0006309839907
20,-0.01109959363,-0.02638050149,1.920109059e-06,2.687788201e-06,-4.530019388,0.0005440759443
21,0.003847570933,-0.0285161761,3.224986676e-05,-4.190892389e-06,0.4861574723,0.0005414493795
22,0.009151946434,-0.02853206616,3.69807406e-05,6.471448321e-07,-5.628246813,0.0006326654082
23,0.001928615483,-0.02844543799,4.497945366e-05,1.452373815e-05,48.38092216,0.0005897768316
24,-0.005553375299,-0.02958071273,4.362524435e-05,-1.681140589e-05,7.024618144,0.0004193223699
25,-0.00834382186,-0.02760077895,1.264377727e-05,5.070735997e-07,9.106907138,0.0003933429674
26,-0.01268971011,-0.02753570567,-3.066562604e-05,5.012993716e-05,-4.449836823,0.0004882615857
27,-0.00281734189,-0.0286399611,1.946191015e-05,-1.1272539e-05,4.787690741,0.0004543904832
28,-0.003807841232,-0.02871352462,4.87437822e-05,-1.378475494e-05,-4.009132096,0.0005388586583
29,0.002916028364,-0.02838233995,4.852625892e-05,-5.409075773e-06,-0.614051628,0.0003997872801
30,-0.005283426348,-0.02605295111,0.0001283022847,-1.289153373e-05,9.833189617,0.0003994841393
31,0.009732892108,-0.02950207098,3.862229035e-05,4.452074941e-06,2.299767178,0.000498191461
32,-0.009321397496,-0.02631391316,-1.905197099e-05,-9.053196147e-06,-6.527813962,0.0004834825779
33,0.009501321483,-0.02698103983,3.261707563e-05,5.991557878e-06,-10.86526772,0.0005693517761
34,0.01035382222,-0.02862907296,4.611664791e-05,-1.943757746e-06,-1.244991019,0.0005731723334
35,0.01301080401,-0.02633270838,-2.495506935e-05,7.666288273e-06,8.209237125,0.00035172299
36,0.01366146376,-0.02581624343,8.041897916e-06,1.366700503e-05,4.726125336,0.0004790380545
37,0.009860534647,-0.02783758218,3.272992692e-05,7.233579734e-06,-0.8145464105,0.000359527037
38,-0.01354814387,-0.02735274949,-4.336409918e-05,-2.904098959e-05,-15.84285335,0.0003894741448
39,-0.005329473284,-0.02859045211,5.818480046e-05,3.533848891e-06,6.331443643,0.0005885866971
40,0.006429074243,-0.02748027821,4.022094695e-05,6.202643306e-06,5.29598658,0.0006344330786
41,-0.001349900935,-0.02949889324,6.941613081e-05,2.147099165e-05,-1.773400391,0.0005013257915
42,-0.01209692905,-0.02955619926,-5.259451354e-05,-2.058234929e-05,0.6176982168,0.0004441024424
43,-0.0007935690246,-0.02885938867,2.345215769e-05,4.351961724e-06,-9.339757232,0.000346346206
44,0.006874920146,-0.02964488786,4.039481391e-05,-1.190275941e-06,11.51521035,0.0003553741876
45,0.007966112797,-0.02829772013,4.055874864e-05,9.499355488e-07,5.170848887,0.0005762615631
46,-0.006406886964,-0.02627001143,3.732988348e-05,1.15530388e-05,-3.922408771,0.000635619546
47,0.01084593138,-0.02779951844,-3.341127874e-06,2.785099674e-05,-10.7933257,0.0003914962861
48,0.01165949555,-0.02939511321,1.942097959e-05,6.34717596e-07,8.812211854,0.0006051643184
49,-0.009572874593,-0.02963652612,3.869811439e-05,2.466465145e-05,13.64392504,0.0003638521019
50,-0.002264327381,-0.02755209424,5.353088525e-05,1.888261739e-05,-8.672308983,0.0006025195761
51,0.01326329298,-0.0284817994,1.169206936e-05,-6.333901356e-06,-6.202014109,0.0006534345561
52,-0.007359712227,-0.0294821176,0.0001115468633,-2.428886623e-12,-2.685080142,0.0005179394929
53,0.01450472769,-0.0263042793,5.577175374e-06,1.559537455e-05,-17.03621084,0.000495307239
54,-0.007722673005,-0.02840099095,3.713948678e-05,9.011890998e-06,-6.413675628,0.000619717291
55,-0.005445414688,-0.02702745067,2.532921257e-05,-2.777979963e-06,2.654672488,0.0005884123668
56,0.01064941406,-0.02957867577,3.748598307e-05,2.08569775e-06,1.744680497,0.0004215861959
57,-0.006936766117,-0.02742395945,5.802605377e-05,-4.951057198e-07,-0.7353709931,0.0006342565276
58,-4.996642564e-05,-0.02844998825,1.203411059e-05,-6.840974934e-06,4.294709525,0.0005025427974
59,0.006071476631,-0.02954590036,3.529753001e-05,1.159194122e-05,-21.81591061,0.0004541485661
60,0.003355651744,-0.02767267651,3.965847711e-05,2.612041185e-06,-0.1841475039,0.0004350318227
61,0.002837710075,-0.02938958205,3.064582185e-05,-1.27239956e-05,3.484684765,0.0006105101912
62,0.01137883386,-0.02841018634,-1.472711237e-05,-1.340340597e-05,-3.891970717,0.0004190033567
63,-0.01110327127,-0.02917631664,1.755421285e-06,-6.016075181e-05,4.738536583,0.0006199224221
64,0.005002141356,-0.02937074374,4.261884203e-05,-5.215792946e-06,2.620237036,0.0006294511871
65,0.003911656453,-0.02952783035,3.05290665e-05,-5.522991637e-07,-5.12954353,0.0004723674961
66,-0.01015214139,-0.02693490664,-1.351353012e-05,-3.041829758e-05,3.79393245,0.000553723259
67,0.01406266462,-0.02942063519,5.126122415e-05,1.116389501e-05,-0.993485655,0.000579805764
68,-0.001553195312,-0.0267824184,1.563190951e-05,5.584129576e-05,49.86230706,0.0004454552579
69,-0.005910877297,-0.02784762191,4.508132437e-05,-1.905893275e-05,-0.1384512619,0.000354753092
70,-0.004597402412,-0.0294555098,9.388782667e-06,-1.495641984e-06,-2.33512666,0.0005448597132
71,0.006828662018,-0.02867009751,4.268864743e-05,-3.792739489e-06,0.519953259,0.0006207526665
72,0.001380931838,-0.02764836057,2.103217526e-05,-9.732735913e-06,-44.52846872,0.0003773578991
73,0.007580224839,-0.02725105063,3.983224081e-05,3.025548133e-06,-3.418851231,0.0005393413398
74,-0.003302764281,-0.0278357235,0.0001112660928,-1.342773733e-05,0.6325750447,0.0004740877308
75,-0.01435475761,-0.02935475086,-9.229190388e-08,1.425235849e-05,1.206693134,0.0006453493048
76,-0.004542126209,-0.02649160939,7.785054116e-05,-7.876365725e-05,15.95241819,0.0004618855686
77,-0.009175078982,-0.0272544236,-3.93571355e-06,-3.393231065e-06,4.923479942,0.0004683985637
78,0.001743269823,-0.02950963008,1.694426433e-05,2.707001308e-06,-9.744553806,0.0004905653636
79,-0.009969275688,-0.02877796887,1.261159112e-06,-1.061586822e-05,3.983334021,0.0005821258001
80,0.0009098833419,-0.02833229113,7.521086128e-06,-3.434512392e-06,-3.11014485,0.0004353186792
81,-0.009821598519,-0.02781797743,-2.478189767e-06,-1.118741618e-05,-0.1568845545,0.0003893003497
82,-0.0108639737,-0.02792485634,-1.21853173e-05,-3.404898114e-05,-9.077537671,0.0006542344379
83,-0.00331071058,-0.02955849956,3.705530607e-05,3.301626538e-06,3.682306597,0.0004417641048
84,-0.006385441856,-0.02958754188,6.4003662e-05,-5.871680196e-06,-0.412391513,0.0004128167615
85,-0.01312062113,-0.02941014563,3.504957077e-06,5.424407171e-06,1.551245984,0.0005901348345
86,0.0113875451,-0.02694096725,-3.596249894e-06,2.801938835e-05,-2.644101424,0.0006237260452
87,-0.006517460097,-0.02858416509,3.114884997e-05,-2.652157365e-05,-0.8523891838,0.0005995399383
88,-0.00900841048,-0.02823179913,9.056857963e-06,-4.059621764e-06,2.989803206,0.0005231643897
89,-0.008592591221,-0.02933988939,3.117544843e-05,3.348559414e-06,0.7553297968,0.0006605483829
90,-0.001838514164,-0.02859624194,3.223686996e-05,3.394372072e-05,7.878085859,0.0005252438848
91,0.008676657698,-0.02756753588,3.675405393e-05,1.214593566e-05,18.47634758,0.0004426305868
92,-0.01192083588,-0.02696954581,-8.9869228e-06,9.577116799e-06,0.4467839317,0.0004666350983
93,0.01445573478,-0.0283676773,-9.52731843e-06,1.435341125e-05,-0.2805408834,0.0005443550974
94,-0.01187727149,-0.02780160294,1.168508821e-05,-1.386840648e-05,-20.01561408,0.0003666025357
95,0.01336988355,-0.02722387781,3.074638964e-06,-2.790573015e-06,3.650296133,0.0006090890268
96,0.004756723836,-0.02839601175,3.461160771e-05,-1.513773157e-05,2.88010268,0.0003757293025
97,-0.002361329865,-0.02948992682,-3.371036958e-06,3.005451648e-05,1.683208451,0.0005102192621
98,0.0006266617005,-0.02936483571,4.622334638e-05,5.487742973e-06,1.971673778,0.0006354846938
99,-0.007903663372,-0.02681182252,2.383125092e-05,-2.713370971e-05,-12.27304653,0.0005101690446
